0 1 1 0 0 0 1 1 1 0 0 0 1 0 0 0 0 1 1 0 
1 0 1 0 1 1 1 0 1 1 0 1 0 1 1 1 1 0 0 1 
1 1 0 0 1 0 0 0 0 1 1 1 0 0 1 0 1 1 1 1 
0 0 0 0 0 1 1 1 0 0 1 1 0 0 1 1 1 1 1 0 
0 1 1 0 0 0 0 1 1 1 0 0 1 1 0 1 1 1 0 1 
0 1 0 1 0 0 0 1 1 0 1 0 1 0 1 1 1 0 1 0 
1 1 0 1 0 0 0 1 0 1 0 1 0 1 1 1 1 1 1 1 
1 0 0 1 1 1 1 0 1 1 0 0 0 0 1 0 1 0 1 1 
1 1 0 0 1 1 0 1 0 1 0 0 0 1 1 1 0 0 0 1 
0 1 1 0 1 0 1 1 1 0 1 0 0 0 1 1 0 1 1 1 
0 0 1 1 0 1 0 0 0 1 0 0 0 0 0 0 0 1 1 0 
0 1 1 1 0 0 1 0 0 0 0 0 1 0 1 0 1 0 0 1 
1 0 0 0 1 1 0 0 0 0 0 1 0 0 1 0 1 1 1 0 
0 1 0 0 1 0 1 0 1 0 0 0 0 0 1 1 1 1 1 0 
0 1 1 1 0 1 1 1 1 1 0 1 1 1 0 1 1 1 1 1 
0 1 0 1 1 1 1 0 1 1 0 0 0 1 1 0 0 1 1 0 
0 1 1 1 1 1 1 1 0 0 0 1 1 1 1 0 0 0 0 1 
1 0 1 1 1 0 1 0 0 1 1 0 1 1 1 1 0 0 0 0 
1 0 1 1 0 1 1 1 0 1 1 0 1 1 1 1 0 0 0 1 
0 1 1 0 1 0 1 1 1 1 0 1 0 0 1 0 1 0 1 0 
Hamilton cycle:
1 2 4 7 3 6 11 12 5 10 9 8 13 15 17 14 16 19 18 0 
Time: 0.031
---------------------------
0 1 1 0 1 1 0 0 0 0 1 1 1 0 1 1 0 1 0 1 
1 0 0 1 1 1 1 0 1 0 1 1 1 1 1 0 1 1 1 1 
1 0 0 1 0 1 0 0 1 0 1 1 0 1 1 1 1 1 0 1 
0 1 1 0 0 1 1 1 1 0 0 1 1 0 1 1 0 0 1 1 
1 1 0 0 0 1 1 0 1 0 0 1 1 1 0 0 0 1 0 0 
1 1 1 1 1 0 1 0 1 0 0 1 1 1 1 0 1 1 1 1 
0 1 0 1 1 1 0 1 1 0 1 0 1 1 1 1 1 0 1 1 
0 0 0 1 0 0 1 0 1 1 0 0 0 0 1 1 0 1 1 1 
0 1 1 1 1 1 1 1 0 1 1 0 1 1 1 1 1 0 1 0 
0 0 0 0 0 0 0 1 1 0 1 1 0 0 1 0 0 1 1 0 
1 1 1 0 0 0 1 0 1 1 0 0 1 0 0 0 0 0 0 1 
1 1 1 1 1 1 0 0 0 1 0 0 0 0 1 1 1 0 0 0 
1 1 0 1 1 1 1 0 1 0 1 0 0 1 0 1 1 0 1 1 
0 1 1 0 1 1 1 0 1 0 0 0 1 0 1 0 1 1 1 1 
1 1 1 1 0 1 1 1 1 1 0 1 0 1 0 0 0 1 1 0 
1 0 1 1 0 0 1 1 1 0 0 1 1 0 0 0 1 1 0 0 
0 1 1 0 0 1 1 0 1 0 0 1 1 1 0 1 0 1 1 1 
1 1 1 0 1 1 0 1 0 1 0 0 0 1 1 1 1 0 0 1 
0 1 0 1 0 1 1 1 1 1 0 0 1 1 1 0 1 0 0 0 
1 1 1 1 0 1 1 1 0 0 1 0 1 1 0 0 1 1 0 0 
Hamilton cycle:
2 3 1 4 5 6 7 8 10 9 11 15 12 13 14 18 16 17 19 0 
Time: 0.016
---------------------------
0 0 1 1 1 1 1 1 1 1 0 1 1 1 1 1 0 1 1 0 
0 0 1 0 1 0 1 1 0 1 1 1 0 0 1 0 1 0 1 1 
1 1 0 1 1 1 0 1 0 0 0 1 1 0 1 1 0 1 0 0 
1 0 1 0 1 1 1 0 1 0 0 1 1 0 1 0 1 1 0 1 
1 1 1 1 0 1 1 1 1 1 1 1 1 1 1 1 0 0 0 0 
1 0 1 1 1 0 0 1 1 0 0 0 1 0 0 0 1 0 0 1 
1 1 0 1 1 0 0 1 0 1 0 0 0 0 1 0 0 1 0 1 
1 1 1 0 1 1 1 0 1 0 0 0 1 0 0 1 1 1 1 1 
1 0 0 1 1 1 0 1 0 0 0 1 1 1 0 1 0 0 0 1 
1 1 0 0 1 0 1 0 0 0 0 1 1 0 0 1 1 1 0 1 
0 1 0 0 1 0 0 0 0 0 0 1 1 1 1 0 0 1 1 0 
1 1 1 1 1 0 0 0 1 1 1 0 1 0 1 1 1 1 1 1 
1 0 1 1 1 1 0 1 1 1 1 1 0 1 0 0 1 1 1 1 
1 0 0 0 1 0 0 0 1 0 1 0 1 0 1 1 1 1 1 0 
1 1 1 1 1 0 1 0 0 0 1 1 0 1 0 1 0 1 0 0 
1 0 1 0 1 0 0 1 1 1 0 1 0 1 1 0 1 1 1 1 
0 1 0 1 0 1 0 1 0 1 0 1 1 1 0 1 0 1 0 1 
1 0 1 1 0 0 1 1 0 1 1 1 1 1 1 1 1 0 1 1 
1 1 0 0 0 0 0 1 0 0 1 1 1 1 0 1 0 1 0 1 
0 1 0 1 0 1 1 1 1 1 0 1 1 0 0 1 1 1 1 0 
Hamilton cycle:
3 8 5 2 1 7 6 9 4 10 11 12 13 14 15 16 17 19 18 0 
Time: 0.031
---------------------------
0 1 1 1 1 0 0 1 1 1 1 0 1 1 1 0 1 0 1 1 
1 0 1 1 0 0 0 1 1 1 1 1 1 0 1 0 0 0 0 1 
1 1 0 1 1 1 0 1 1 0 1 1 0 1 1 1 1 0 1 1 
1 1 1 0 1 1 1 1 1 0 1 0 0 1 0 1 1 1 1 1 
1 0 1 1 0 0 0 1 1 1 0 0 1 0 0 0 1 1 0 1 
0 0 1 1 0 0 0 1 1 1 0 0 0 1 0 1 0 1 0 1 
0 0 0 1 0 0 0 0 0 1 1 0 1 1 1 0 1 0 1 1 
1 1 1 1 1 1 0 0 0 0 1 1 1 1 0 1 1 1 0 1 
1 1 1 1 1 1 0 0 0 1 0 1 0 1 0 1 0 0 1 1 
1 1 0 0 1 1 1 0 1 0 1 0 1 0 1 0 1 0 1 0 
1 1 1 1 0 0 1 1 0 1 0 1 0 1 1 1 0 1 0 1 
0 1 1 0 0 0 0 1 1 0 1 0 1 1 0 1 0 0 1 0 
1 1 0 0 1 0 1 1 0 1 0 1 0 0 0 0 0 0 1 0 
1 0 1 1 0 1 1 1 1 0 1 1 0 0 1 1 1 1 1 1 
1 1 1 0 0 0 1 0 0 1 1 0 0 1 0 1 1 0 0 1 
0 0 1 1 0 1 0 1 1 0 1 1 0 1 1 0 1 0 0 1 
1 0 1 1 1 0 1 1 0 1 0 0 0 1 1 1 0 1 1 0 
0 0 0 1 1 1 0 1 0 0 1 0 0 1 0 0 1 0 1 0 
1 0 1 1 0 0 1 0 1 1 0 1 1 1 0 0 1 1 0 0 
1 1 1 1 1 1 1 1 1 0 1 0 0 1 1 1 0 0 0 0 
Hamilton cycle:
1 2 4 7 5 8 3 6 9 12 11 10 14 13 17 18 16 15 19 0 
Time: 0.53
---------------------------
0 1 1 1 1 1 0 1 0 1 1 0 1 1 1 1 1 0 1 0 
1 0 1 1 1 0 0 1 1 1 1 1 0 1 1 1 1 1 1 1 
1 1 0 0 0 1 0 1 1 1 1 1 1 0 0 1 0 1 0 1 
1 1 0 0 1 1 1 1 1 1 1 1 0 1 1 1 0 1 1 1 
1 1 0 1 0 0 1 0 0 0 1 1 1 1 0 1 1 1 1 0 
1 0 1 1 0 0 1 0 1 0 1 0 0 0 0 0 1 0 1 1 
0 0 0 1 1 1 0 0 0 1 0 0 1 0 1 1 1 0 1 0 
1 1 1 1 0 0 0 0 0 0 1 0 1 0 1 0 0 1 1 1 
0 1 1 1 0 1 0 0 0 1 0 1 1 1 1 1 1 1 1 1 
1 1 1 1 0 0 1 0 1 0 0 0 0 0 0 1 1 1 1 1 
1 1 1 1 1 1 0 1 0 0 0 0 0 0 1 0 1 1 0 0 
0 1 1 1 1 0 0 0 1 0 0 0 1 0 1 0 0 1 0 1 
1 0 1 0 1 0 1 1 1 0 0 1 0 0 1 1 1 0 1 1 
1 1 0 1 1 0 0 0 1 0 0 0 0 0 1 1 0 1 0 0 
1 1 0 1 0 0 1 1 1 0 1 1 1 1 0 1 1 0 0 1 
1 1 1 1 1 0 1 0 1 1 0 0 1 1 1 0 1 1 1 1 
1 1 0 0 1 1 1 0 1 1 1 0 1 0 1 1 0 1 1 1 
0 1 1 1 1 0 0 1 1 1 1 1 0 1 0 1 1 0 1 1 
1 1 0 1 1 1 1 1 1 1 0 0 1 0 0 1 1 1 0 1 
0 1 1 1 0 1 0 1 1 1 0 1 1 0 1 1 1 1 1 0 
Hamilton cycle:
1 2 5 6 9 3 7 10 4 11 12 8 13 14 15 16 17 19 18 0 
Time: 0.016
---------------------------
0 0 0 1 1 1 0 1 1 0 1 0 1 0 1 0 1 0 1 1 
0 0 0 1 0 1 0 1 0 0 1 0 1 1 0 1 1 1 0 0 
0 0 0 0 0 1 0 1 1 1 1 1 0 1 1 1 0 0 0 1 
1 1 0 0 0 1 0 0 0 0 0 1 1 0 0 1 0 0 0 0 
1 0 0 0 0 1 0 1 0 1 0 0 0 1 1 1 1 1 1 1 
1 1 1 1 1 0 1 0 0 1 0 1 1 1 1 0 1 0 1 0 
0 0 0 0 0 1 0 1 0 1 1 1 1 0 0 0 0 1 1 1 
1 1 1 0 1 0 1 0 1 0 1 0 1 0 0 1 0 1 0 0 
1 0 1 0 0 0 0 1 0 1 1 1 0 0 0 1 1 1 0 0 
0 0 1 0 1 1 1 0 1 0 1 0 0 0 1 1 1 1 1 1 
1 1 1 0 0 0 1 1 1 1 0 1 1 1 0 0 1 0 1 0 
0 0 1 1 0 1 1 0 1 0 1 0 1 1 0 0 1 0 1 0 
1 1 0 1 0 1 1 1 0 0 1 1 0 1 0 1 1 0 0 1 
0 1 1 0 1 1 0 0 0 0 1 1 1 0 1 1 1 1 0 1 
1 0 1 0 1 1 0 0 0 1 0 0 0 1 0 1 1 1 1 1 
0 1 1 1 1 0 0 1 1 1 0 0 1 1 1 0 1 1 0 1 
1 1 0 0 1 1 0 0 1 1 1 1 1 1 1 1 0 1 0 1 
0 1 0 0 1 0 1 1 1 1 0 0 0 1 1 1 1 0 1 0 
1 0 0 0 1 1 1 0 0 1 1 1 0 0 1 0 0 1 0 0 
1 0 1 0 1 0 1 0 0 1 0 0 1 1 1 1 1 0 0 0 
Hamilton cycle:
3 1 5 4 7 6 9 2 8 10 11 12 13 15 14 18 17 16 19 0 
Time: 0.421
---------------------------
0 1 0 1 1 1 1 1 0 0 0 0 1 1 1 1 1 1 1 1 
1 0 0 0 1 1 1 0 1 0 1 1 1 0 1 1 0 1 1 1 
0 0 0 0 0 1 1 1 1 0 1 1 0 1 1 0 1 1 1 1 
1 0 0 0 1 1 0 1 0 1 0 1 1 1 0 1 1 1 0 1 
1 1 0 1 0 1 0 0 0 0 1 0 0 0 1 0 0 1 1 1 
1 1 1 1 1 0 0 1 1 1 1 1 1 0 1 1 1 0 1 1 
1 1 1 0 0 0 0 1 1 0 1 1 1 1 1 1 0 0 1 0 
1 0 1 1 0 1 1 0 0 1 1 1 1 1 1 0 0 1 0 0 
0 1 1 0 0 1 1 0 0 1 0 0 1 1 1 1 1 1 0 0 
0 0 0 1 0 1 0 1 1 0 1 1 1 0 1 0 1 0 1 1 
0 1 1 0 1 1 1 1 0 1 0 1 0 1 1 0 0 1 1 0 
0 1 1 1 0 1 1 1 0 1 1 0 0 0 1 0 1 1 0 0 
1 1 0 1 0 1 1 1 1 1 0 0 0 1 1 0 0 1 1 1 
1 0 1 1 0 0 1 1 1 0 1 0 1 0 1 0 1 0 0 1 
1 1 1 0 1 1 1 1 1 1 1 1 1 1 0 1 0 1 1 0 
1 1 0 1 0 1 1 0 1 0 0 0 0 0 1 0 0 1 1 1 
1 0 1 1 0 1 0 0 1 1 0 1 0 1 0 0 0 1 0 0 
1 1 1 1 1 0 0 1 1 0 1 1 1 0 1 1 1 0 0 1 
1 1 1 0 1 1 1 0 0 1 1 0 1 0 1 1 0 0 0 0 
1 1 1 1 1 1 0 0 0 1 0 0 1 1 0 1 0 1 0 0 
Hamilton cycle:
1 4 3 5 2 6 7 10 11 9 12 8 15 18 14 13 16 17 19 0 
Time: 0
---------------------------
0 0 1 0 0 1 1 1 1 1 1 0 1 1 1 0 0 1 1 1 
0 0 1 0 0 1 0 1 0 0 0 0 0 1 1 1 1 1 1 1 
1 1 0 1 1 1 1 0 1 1 1 0 0 1 0 1 1 1 1 0 
0 0 1 0 1 1 1 1 1 0 0 1 0 0 1 1 0 1 0 0 
0 0 1 1 0 1 0 1 1 0 0 1 1 0 1 1 0 1 0 0 
1 1 1 1 1 0 0 0 1 1 1 1 0 1 1 1 1 0 1 1 
1 0 1 1 0 0 0 1 1 1 1 0 1 1 1 0 1 1 1 0 
1 1 0 1 1 0 1 0 0 1 1 0 1 0 1 0 1 1 1 1 
1 0 1 1 1 1 1 0 0 1 0 0 0 0 1 0 0 1 0 1 
1 0 1 0 0 1 1 1 1 0 0 1 0 0 1 1 0 0 1 0 
1 0 1 0 0 1 1 1 0 0 0 0 1 1 0 1 1 1 1 0 
0 0 0 1 1 1 0 0 0 1 0 0 0 0 1 1 1 0 1 0 
1 0 0 0 1 0 1 1 0 0 1 0 0 1 1 0 1 1 1 1 
1 1 1 0 0 1 1 0 0 0 1 0 1 0 1 0 1 1 1 1 
1 1 0 1 1 1 1 1 1 1 0 1 1 1 0 1 0 1 1 0 
0 1 1 1 1 1 0 0 0 1 1 1 0 0 1 0 1 0 1 0 
0 1 1 0 0 1 1 1 0 0 1 1 1 1 0 1 0 0 1 1 
1 1 1 1 1 0 1 1 1 0 1 0 1 1 1 0 0 0 1 0 
1 1 1 0 0 1 1 1 0 1 1 1 1 1 1 1 1 1 0 0 
1 1 0 0 0 1 0 1 1 0 0 0 1 1 0 0 1 0 0 0 
Hamilton cycle:
2 1 5 3 4 7 10 12 13 6 8 9 11 15 14 17 18 16 19 0 
Time: 0
---------------------------
0 1 1 1 1 0 1 1 0 0 1 1 0 0 0 1 0 0 1 0 
1 0 0 0 0 1 1 1 1 0 0 0 1 0 0 1 1 1 0 0 
1 0 0 0 1 1 1 0 1 1 1 1 0 0 0 1 0 1 0 0 
1 0 0 0 1 1 0 1 1 1 0 1 1 0 1 1 1 0 1 0 
1 0 1 1 0 1 1 1 1 0 1 1 0 1 1 0 0 1 0 1 
0 1 1 1 1 0 1 0 0 1 1 0 1 1 0 0 1 0 1 1 
1 1 1 0 1 1 0 0 1 0 0 1 1 1 1 1 0 1 1 1 
1 1 0 1 1 0 0 0 1 1 0 1 1 1 1 1 1 0 0 1 
0 1 1 1 1 0 1 1 0 0 0 1 1 1 0 0 1 1 1 1 
0 0 1 1 0 1 0 1 0 0 0 1 1 1 1 1 1 0 1 1 
1 0 1 0 1 1 0 0 0 0 0 1 1 1 1 0 1 1 1 1 
1 0 1 1 1 0 1 1 1 1 1 0 0 1 0 0 1 1 1 1 
0 1 0 1 0 1 1 1 1 1 1 0 0 1 0 0 1 1 0 1 
0 0 0 0 1 1 1 1 1 1 1 1 1 0 1 1 1 1 1 0 
0 0 0 1 1 0 1 1 0 1 1 0 0 1 0 0 1 1 0 0 
1 1 1 1 0 0 1 1 0 1 0 0 0 1 0 0 1 1 1 0 
0 1 0 1 0 1 0 1 1 1 1 1 1 1 1 1 0 1 1 1 
0 1 1 0 1 0 1 0 1 0 1 1 1 1 1 1 1 0 1 0 
1 0 0 1 0 1 1 0 1 1 1 1 0 1 0 1 1 1 0 1 
0 0 0 0 1 1 1 1 1 1 1 1 1 0 0 0 1 0 1 0 
Hamilton cycle:
1 6 2 5 3 4 7 8 11 9 12 10 14 13 15 17 16 19 18 0 
Time: 0.016
---------------------------
0 1 0 0 1 1 0 1 0 0 0 0 1 1 0 0 1 1 0 1 
1 0 0 1 1 1 0 1 1 1 1 0 1 1 0 0 0 0 1 1 
0 0 0 0 0 1 0 1 0 1 0 0 0 1 0 1 1 1 1 1 
0 1 0 0 1 0 1 1 0 1 1 1 0 1 1 0 1 0 0 0 
1 1 0 1 0 1 1 0 0 0 1 1 1 1 0 1 1 1 1 1 
1 1 1 0 1 0 0 1 1 1 1 0 1 1 1 0 1 1 1 0 
0 0 0 1 1 0 0 1 1 0 1 1 1 1 0 1 1 1 0 0 
1 1 1 1 0 1 1 0 1 0 1 1 0 1 1 1 1 1 0 1 
0 1 0 0 0 1 1 1 0 0 1 0 0 0 0 0 1 1 1 0 
0 1 1 1 0 1 0 0 0 0 0 0 1 1 1 1 1 1 0 1 
0 1 0 1 1 1 1 1 1 0 0 1 1 0 0 1 0 0 0 0 
0 0 0 1 1 0 1 1 0 0 1 0 1 1 1 1 1 1 0 1 
1 1 0 0 1 1 1 0 0 1 1 1 0 1 1 1 0 1 0 1 
1 1 1 1 1 1 1 1 0 1 0 1 1 0 1 1 1 0 0 0 
0 0 0 1 0 1 0 1 0 1 0 1 1 1 0 1 1 1 1 1 
0 0 1 0 1 0 1 1 0 1 1 1 1 1 1 0 0 1 1 1 
1 0 1 1 1 1 1 1 1 1 0 1 0 1 1 0 0 0 1 0 
1 0 1 0 1 1 1 1 1 1 0 1 1 0 1 1 0 0 0 0 
0 1 1 0 1 1 0 0 1 0 0 0 0 0 1 1 1 0 0 0 
1 1 1 0 1 0 0 1 0 1 0 1 1 0 1 1 0 0 0 0 
Hamilton cycle:
1 3 9 2 5 4 6 7 8 10 11 13 12 17 14 16 18 15 19 0 
Time: 0.015
---------------------------
0 1 0 1 1 0 0 0 1 0 0 1 0 1 1 1 1 1 1 1 
1 0 1 0 1 0 1 1 1 1 1 0 0 0 1 1 1 1 1 1 
0 1 0 1 0 0 1 0 1 1 0 1 1 0 0 0 1 1 1 0 
1 0 1 0 0 1 1 1 1 1 1 1 0 1 0 0 1 0 0 1 
1 1 0 0 0 0 0 0 1 1 1 0 1 0 0 1 1 0 0 1 
0 0 0 1 0 0 1 1 0 1 0 1 0 0 1 1 1 0 1 1 
0 1 1 1 0 1 0 1 1 0 1 0 1 1 1 1 1 0 1 1 
0 1 0 1 0 1 1 0 0 0 0 1 1 1 0 1 0 0 0 1 
1 1 1 1 1 0 1 0 0 1 0 0 1 1 0 1 0 1 1 1 
0 1 1 1 1 1 0 0 1 0 1 1 1 0 1 1 0 1 1 0 
0 1 0 1 1 0 1 0 0 1 0 0 0 1 1 0 1 0 0 1 
1 0 1 1 0 1 0 1 0 1 0 0 1 1 1 0 1 0 1 1 
0 0 1 0 1 0 1 1 1 1 0 1 0 1 1 1 0 1 1 1 
1 0 0 1 0 0 1 1 1 0 1 1 1 0 0 1 1 1 1 1 
1 1 0 0 0 1 1 0 0 1 1 1 1 0 0 1 0 0 0 1 
1 1 0 0 1 1 1 1 1 1 0 0 1 1 1 0 1 0 0 0 
1 1 1 1 1 1 1 0 0 0 1 1 0 1 0 1 0 1 0 0 
1 1 1 0 0 0 0 0 1 1 0 0 1 1 0 0 1 0 1 0 
1 1 1 0 0 1 1 0 1 1 0 1 1 1 0 0 0 1 0 0 
1 1 0 1 1 1 1 1 1 0 1 1 1 1 1 0 0 0 0 0 
Hamilton cycle:
4 1 7 5 3 2 8 6 10 9 11 12 13 18 17 16 15 14 19 0 
Time: 0.032
---------------------------
0 0 0 1 0 1 0 1 1 1 1 1 1 0 1 1 0 0 1 1 
0 0 1 1 0 0 1 1 0 0 0 0 1 0 1 1 0 0 1 1 
0 1 0 1 1 0 1 0 1 1 1 0 1 1 0 0 1 0 0 1 
1 1 1 0 1 0 1 1 0 1 1 0 1 0 1 1 1 1 1 1 
0 0 1 1 0 1 1 1 0 1 1 1 0 0 1 0 0 0 0 1 
1 0 0 0 1 0 1 1 0 1 0 1 1 0 1 1 0 0 1 0 
0 1 1 1 1 1 0 1 1 0 1 1 1 1 1 0 1 0 1 0 
1 1 0 1 1 1 1 0 0 0 1 1 0 1 1 1 0 1 0 1 
1 0 1 0 0 0 1 0 0 1 1 1 1 1 1 0 1 1 1 0 
1 0 1 1 1 1 0 0 1 0 1 0 1 1 0 1 0 0 0 0 
1 0 1 1 1 0 1 1 1 1 0 1 1 1 1 1 1 0 0 0 
1 0 0 0 1 1 1 1 1 0 1 0 0 1 0 1 0 1 0 0 
1 1 1 1 0 1 1 0 1 1 1 0 0 1 0 1 1 1 1 1 
0 0 1 0 0 0 1 1 1 1 1 1 1 0 0 1 0 0 0 0 
1 1 0 1 1 1 1 1 1 0 1 0 0 0 0 0 1 0 0 0 
1 1 0 1 0 1 0 1 0 1 1 1 1 1 0 0 1 1 1 1 
0 0 1 1 0 0 1 0 1 0 1 0 1 0 1 1 0 1 1 0 
0 0 0 1 0 0 0 1 1 0 0 1 1 0 0 1 1 0 1 1 
1 1 0 1 0 1 1 0 1 0 0 0 1 0 0 1 1 1 0 1 
1 1 1 1 1 0 0 1 0 0 0 0 1 0 0 1 0 1 1 0 
Hamilton cycle:
3 1 2 4 9 5 6 7 11 8 14 10 12 13 15 16 17 18 19 0 
Time: 0.015
---------------------------
0 1 0 0 1 1 1 1 0 1 1 0 0 1 1 0 1 0 1 1 
1 0 1 0 1 1 0 1 1 1 0 1 1 0 0 1 1 0 1 0 
0 1 0 1 1 1 1 1 1 1 0 1 1 1 1 0 0 1 1 0 
0 0 1 0 1 1 1 1 1 1 0 0 0 0 1 0 0 0 1 1 
1 1 1 1 0 1 1 0 1 0 1 0 0 0 1 0 0 1 1 1 
1 1 1 1 1 0 1 0 1 1 0 0 1 0 1 1 0 0 1 1 
1 0 1 1 1 1 0 0 0 0 0 1 0 1 1 1 0 0 1 0 
1 1 1 1 0 0 0 0 1 0 0 1 1 0 0 1 0 1 1 0 
0 1 1 1 1 1 0 1 0 1 1 1 0 1 1 1 1 1 0 1 
1 1 1 1 0 1 0 0 1 0 1 1 0 1 0 1 0 1 0 1 
1 0 0 0 1 0 0 0 1 1 0 0 1 0 1 0 1 1 1 1 
0 1 1 0 0 0 1 1 1 1 0 0 1 1 0 1 0 1 1 1 
0 1 1 0 0 1 0 1 0 0 1 1 0 0 1 1 1 1 0 0 
1 0 1 0 0 0 1 0 1 1 0 1 0 0 1 1 0 0 1 0 
1 0 1 1 1 1 1 0 1 0 1 0 1 1 0 1 1 1 0 0 
0 1 0 0 0 1 1 1 1 1 0 1 1 1 1 0 0 1 0 0 
1 1 0 0 0 0 0 0 1 0 1 0 1 0 1 0 0 1 0 0 
0 0 1 0 1 0 0 1 1 1 1 1 1 0 1 1 1 0 0 1 
1 1 1 1 1 1 1 1 0 0 1 1 0 1 0 0 0 0 0 1 
1 0 0 1 1 1 0 0 1 1 1 1 0 0 0 0 0 1 1 0 
Hamilton cycle:
1 2 4 5 6 3 7 8 10 9 11 12 14 16 17 15 13 18 19 0 
Time: 0
---------------------------
0 1 1 1 1 0 1 1 0 0 0 1 0 1 0 0 0 0 1 1 
1 0 1 1 1 0 1 1 1 0 1 1 1 1 0 1 1 1 1 1 
1 1 0 1 1 1 0 1 1 1 0 0 1 1 0 1 1 1 0 1 
1 1 1 0 1 0 1 0 0 1 0 0 0 0 0 0 0 1 1 1 
1 1 1 1 0 1 1 1 0 1 0 0 1 0 0 0 0 0 0 1 
0 0 1 0 1 0 1 0 1 0 0 0 1 1 1 0 0 1 0 1 
1 1 0 1 1 1 0 1 1 1 1 0 1 1 1 1 1 0 0 0 
1 1 1 0 1 0 1 0 1 0 1 0 0 1 0 1 1 0 1 1 
0 1 1 0 0 1 1 1 0 1 0 1 1 1 1 1 0 1 1 1 
0 0 1 1 1 0 1 0 1 0 1 0 1 0 0 1 1 1 0 0 
0 1 0 0 0 0 1 1 0 1 0 1 0 1 1 0 0 0 1 0 
1 1 0 0 0 0 0 0 1 0 1 0 0 1 1 1 0 1 0 1 
0 1 1 0 1 1 1 0 1 1 0 0 0 0 1 0 1 1 1 0 
1 1 1 0 0 1 1 1 1 0 1 1 0 0 1 0 1 1 0 1 
0 0 0 0 0 1 1 0 1 0 1 1 1 1 0 1 1 1 0 0 
0 1 1 0 0 0 1 1 1 1 0 1 0 0 1 0 1 1 1 0 
0 1 1 0 0 0 1 1 0 1 0 0 1 1 1 1 0 1 1 1 
0 1 1 1 0 1 0 0 1 1 0 1 1 1 1 1 1 0 0 1 
1 1 0 1 0 0 0 1 1 0 1 0 1 0 0 1 1 0 0 1 
1 1 1 1 1 1 0 1 1 0 0 1 0 1 0 0 1 1 1 0 
Hamilton cycle:
1 2 3 4 5 6 7 8 12 9 10 11 13 14 15 17 16 18 19 0 
Time: 0.016
---------------------------
0 1 0 0 0 1 0 0 1 1 1 0 0 1 1 1 1 0 0 0 
1 0 0 1 1 1 0 0 1 1 1 1 1 1 1 0 0 1 0 1 
0 0 0 1 0 0 0 1 0 0 1 0 1 1 1 0 1 1 1 1 
0 1 1 0 1 0 1 1 0 0 0 0 1 0 1 1 0 0 1 1 
0 1 0 1 0 1 1 1 1 1 1 1 1 1 0 0 1 1 1 0 
1 1 0 0 1 0 1 1 1 0 1 1 0 1 1 0 1 0 0 1 
0 0 0 1 1 1 0 1 0 1 1 1 0 1 1 0 0 0 0 1 
0 0 1 1 1 1 1 0 1 0 0 0 0 1 1 1 1 1 1 0 
1 1 0 0 1 1 0 1 0 0 0 1 0 1 0 0 0 1 1 1 
1 1 0 0 1 0 1 0 0 0 1 0 0 1 0 1 0 0 0 1 
1 1 1 0 1 1 1 0 0 1 0 0 1 1 1 1 0 1 0 1 
0 1 0 0 1 1 1 0 1 0 0 0 1 0 0 1 1 0 0 1 
0 1 1 1 1 0 0 0 0 0 1 1 0 1 1 0 1 1 0 1 
1 1 1 0 1 1 1 1 1 1 1 0 1 0 1 1 1 1 0 1 
1 1 1 1 0 1 1 1 0 0 1 0 1 1 0 1 1 0 0 0 
1 0 0 1 0 0 0 1 0 1 1 1 0 1 1 0 0 1 0 1 
1 0 1 0 1 1 0 1 0 0 0 1 1 1 1 0 0 0 0 1 
0 1 1 0 1 0 0 1 1 0 1 0 1 1 0 1 0 0 1 0 
0 0 1 1 1 0 0 1 1 0 0 0 0 0 0 0 0 1 0 1 
0 1 1 1 0 1 1 0 1 1 1 1 1 1 0 1 1 0 1 0 
Hamilton cycle:
5 1 9 4 3 2 10 6 7 8 11 12 13 14 15 17 18 19 16 0 
Time: 0.062
---------------------------
0 1 0 1 1 0 1 1 0 0 0 0 1 0 0 1 0 0 0 1 
1 0 0 0 1 1 1 0 0 1 1 1 0 1 1 0 1 1 1 0 
0 0 0 0 0 0 0 0 1 0 0 0 1 0 0 0 0 1 1 1 
1 0 0 0 1 1 0 1 1 1 1 0 1 1 0 0 1 1 1 1 
1 1 0 1 0 1 0 1 1 1 1 1 1 0 0 0 1 0 0 0 
0 1 0 1 1 0 1 1 0 0 1 1 0 1 1 1 0 0 1 1 
1 1 0 0 0 1 0 1 1 0 1 0 1 0 0 1 1 1 1 1 
1 0 0 1 1 1 1 0 1 0 1 0 0 1 0 1 0 0 0 1 
0 0 1 1 1 0 1 1 0 1 1 0 1 0 0 1 0 0 1 1 
0 1 0 1 1 0 0 0 1 0 1 0 0 0 1 0 1 1 0 1 
0 1 0 1 1 1 1 1 1 1 0 1 1 0 1 1 1 0 1 0 
0 1 0 0 1 1 0 0 0 0 1 0 1 1 0 0 1 1 1 0 
1 0 1 1 1 0 1 0 1 0 1 1 0 1 0 1 0 1 1 1 
0 1 0 1 0 1 0 1 0 0 0 1 1 0 1 1 1 1 0 0 
0 1 0 0 0 1 0 0 0 1 1 0 0 1 0 1 0 1 1 1 
1 0 0 0 0 1 1 1 1 0 1 0 1 1 1 0 0 0 1 1 
0 1 0 1 1 0 1 0 0 1 1 1 0 1 0 0 0 0 1 1 
0 1 1 1 0 0 1 0 0 1 0 1 1 1 1 0 0 0 0 1 
0 1 1 1 0 1 1 0 1 0 1 1 1 0 1 1 1 0 0 1 
1 0 1 1 0 1 1 1 1 1 0 0 1 0 1 1 1 1 1 0 
Hamilton cycle:
3 4 9 1 6 7 5 11 10 8 2 12 15 14 17 13 16 18 19 0 
Time: 174.987
---------------------------
0 0 1 1 0 0 1 1 1 0 0 0 1 1 1 0 0 1 1 1 
0 0 0 1 0 0 1 0 1 0 0 0 0 1 1 1 0 1 1 0 
1 0 0 0 1 1 1 1 1 1 0 0 1 1 0 1 1 1 1 1 
1 1 0 0 0 1 0 0 0 1 0 1 1 1 1 1 1 0 1 1 
0 0 1 0 0 0 1 1 0 0 0 0 1 1 1 1 1 0 1 1 
0 0 1 1 0 0 0 1 0 1 0 0 0 1 0 1 1 0 1 0 
1 1 1 0 1 0 0 0 0 0 1 0 1 1 0 0 0 0 1 1 
1 0 1 0 1 1 0 0 1 1 0 1 1 1 1 1 1 1 1 1 
1 1 1 0 0 0 0 1 0 1 1 1 1 1 1 1 0 1 0 0 
0 0 1 1 0 1 0 1 1 0 1 1 0 0 1 0 0 1 0 1 
0 0 0 0 0 0 1 0 1 1 0 1 0 0 0 1 1 0 1 1 
0 0 0 1 0 0 0 1 1 1 1 0 0 0 1 0 1 1 1 0 
1 0 1 1 1 0 1 1 1 0 0 0 0 0 0 1 1 0 0 0 
1 1 1 1 1 1 1 1 1 0 0 0 0 0 1 1 1 1 0 1 
1 1 0 1 1 0 0 1 1 1 0 1 0 1 0 1 1 0 0 0 
0 1 1 1 1 1 0 1 1 0 1 0 1 1 1 0 0 0 1 1 
0 0 1 1 1 1 0 1 0 0 1 1 1 1 1 0 0 1 1 1 
1 1 1 0 0 0 0 1 1 1 0 1 0 1 0 0 1 0 0 0 
1 1 1 1 1 1 1 1 0 0 1 1 0 0 0 1 1 0 0 1 
1 0 1 1 1 0 1 1 0 1 1 0 0 1 0 1 1 0 1 0 
Hamilton cycle:
2 4 6 1 3 5 7 12 8 9 10 11 14 15 13 17 16 18 19 0 
Time: 0
---------------------------
0 0 0 0 1 1 0 1 0 1 0 1 1 1 0 1 1 1 1 0 
0 0 0 1 0 0 1 0 1 0 1 0 1 1 0 1 1 1 1 1 
0 0 0 0 1 0 1 1 1 0 0 0 1 0 1 0 1 0 1 0 
0 1 0 0 1 1 1 0 1 1 1 1 1 1 1 0 1 1 0 1 
1 0 1 1 0 1 1 0 0 1 1 1 1 0 1 0 1 1 1 1 
1 0 0 1 1 0 1 1 1 1 0 1 1 0 1 1 1 0 1 1 
0 1 1 1 1 1 0 0 0 1 0 0 1 1 0 0 1 1 0 1 
1 0 1 0 0 1 0 0 1 1 0 1 0 0 1 1 0 1 0 1 
0 1 1 1 0 1 0 1 0 1 0 0 1 1 1 1 1 1 1 1 
1 0 0 1 1 1 1 1 1 0 1 1 1 1 1 1 1 0 1 1 
0 1 0 1 1 0 0 0 0 1 0 0 1 1 1 0 1 1 1 0 
1 0 0 1 1 1 0 1 0 1 0 0 1 1 0 0 0 1 1 1 
1 1 1 1 1 1 1 0 1 1 1 1 0 0 1 0 0 1 0 0 
1 1 0 1 0 0 1 0 1 1 1 1 0 0 0 1 0 1 1 0 
0 0 1 1 1 1 0 1 1 1 1 0 1 0 0 0 0 1 1 0 
1 1 0 0 0 1 0 1 1 1 0 0 0 1 0 0 1 0 1 1 
1 1 1 1 1 1 1 0 1 1 1 0 0 0 0 1 0 1 0 0 
1 1 0 1 1 0 1 1 1 0 1 1 1 1 1 0 1 0 1 0 
1 1 1 0 1 1 0 0 1 1 1 1 0 1 1 1 0 1 0 0 
0 1 0 1 1 1 1 1 1 1 0 1 0 0 0 1 0 0 0 0 
Hamilton cycle:
4 2 6 1 3 5 7 8 9 12 14 10 13 11 19 15 16 17 18 0 
Time: 0.046
---------------------------
0 1 1 1 0 1 0 0 1 1 1 1 0 0 1 1 0 0 1 0 
1 0 0 1 0 0 1 1 1 1 0 0 1 0 0 1 1 0 1 0 
1 0 0 1 1 1 1 0 1 1 1 1 1 0 1 1 1 0 1 1 
1 1 1 0 1 0 0 0 0 1 0 1 0 1 1 1 0 0 1 1 
0 0 1 1 0 0 0 1 0 0 1 1 1 0 1 1 1 1 1 1 
1 0 1 0 0 0 1 0 1 1 0 0 0 1 1 1 1 1 0 1 
0 1 1 0 0 1 0 0 1 1 0 1 0 0 0 1 0 0 1 1 
0 1 0 0 1 0 0 0 0 1 0 0 0 0 1 0 1 1 1 1 
1 1 1 0 0 1 1 0 0 1 1 0 1 1 1 1 0 1 1 1 
1 1 1 1 0 1 1 1 1 0 1 1 0 0 1 1 0 1 1 0 
1 0 1 0 1 0 0 0 1 1 0 1 1 0 0 0 0 1 0 0 
1 0 1 1 1 0 1 0 0 1 1 0 1 0 0 1 0 1 1 1 
0 1 1 0 1 0 0 0 1 0 1 1 0 1 0 1 0 1 1 0 
0 0 0 1 0 1 0 0 1 0 0 0 1 0 0 1 1 1 1 0 
1 0 1 1 1 1 0 1 1 1 0 0 0 0 0 0 1 1 0 1 
1 1 1 1 1 1 1 0 1 1 0 1 1 1 0 0 1 0 0 1 
0 1 1 0 1 1 0 1 0 0 0 0 0 1 1 1 0 1 1 1 
0 0 0 0 1 1 0 1 1 1 1 1 1 1 1 0 1 0 1 0 
1 1 1 1 1 0 1 1 1 1 0 1 1 1 0 0 1 1 0 0 
0 0 1 1 1 1 1 1 1 0 0 1 0 0 1 1 1 0 0 0 
Hamilton cycle:
3 1 7 4 2 5 6 8 14 9 10 11 12 13 15 19 16 17 18 0 
Time: 0.016
---------------------------
0 0 1 1 1 0 0 0 0 1 0 0 1 0 1 1 1 1 1 1 
0 0 1 1 0 1 1 1 1 1 0 0 1 1 1 0 1 0 1 1 
1 1 0 0 1 1 1 1 0 1 1 1 0 1 1 0 0 0 0 0 
1 1 0 0 0 1 0 0 1 0 0 1 1 0 0 1 0 0 0 1 
1 0 1 0 0 0 0 0 0 0 0 1 1 1 0 0 1 1 1 1 
0 1 1 1 0 0 1 0 0 0 1 0 0 1 1 1 0 0 0 1 
0 1 1 0 0 1 0 1 0 0 1 1 1 1 0 1 0 1 0 0 
0 1 1 0 0 0 1 0 1 1 0 1 0 1 0 0 1 0 1 1 
0 1 0 1 0 0 0 1 0 1 0 1 1 0 0 1 0 1 1 1 
1 1 1 0 0 0 0 1 1 0 1 1 1 1 1 1 0 1 1 0 
0 0 1 0 0 1 1 0 0 1 0 0 1 1 1 1 0 1 1 1 
0 0 1 1 1 0 1 1 1 1 0 0 1 1 0 1 1 0 1 0 
1 1 0 1 1 0 1 0 1 1 1 1 0 0 1 0 0 1 1 1 
0 1 1 0 1 1 1 1 0 1 1 1 0 0 1 0 1 0 1 1 
1 1 1 0 0 1 0 0 0 1 1 0 1 1 0 1 0 1 0 1 
1 0 0 1 0 1 1 0 1 1 1 1 0 0 1 0 1 1 1 1 
1 1 0 0 1 0 0 1 0 0 0 1 0 1 0 1 0 1 1 1 
1 0 0 0 1 0 1 0 1 1 1 0 1 0 1 1 1 0 1 1 
1 1 0 0 1 0 0 1 1 1 1 1 1 1 0 1 1 1 0 0 
1 1 0 1 1 1 0 1 1 0 1 0 1 1 1 1 1 1 0 0 
Hamilton cycle:
4 2 1 3 5 6 7 8 9 10 12 11 13 14 15 16 18 17 19 0 
Time: 0
---------------------------
0 1 1 1 1 1 1 1 1 1 0 1 1 0 1 1 1 0 0 1 
1 0 1 1 1 0 1 1 1 1 1 1 0 1 1 1 1 1 0 1 
1 1 0 0 0 1 0 0 0 0 1 0 0 0 0 0 1 1 1 1 
1 1 0 0 0 1 0 1 1 0 1 0 0 1 0 1 1 0 0 0 
1 1 0 0 0 1 1 1 0 1 1 0 1 1 0 1 1 1 0 1 
1 0 1 1 1 0 0 1 1 0 0 1 1 1 1 0 1 0 1 1 
1 1 0 0 1 0 0 1 0 1 1 0 1 0 1 0 0 1 1 1 
1 1 0 1 1 1 1 0 1 0 1 0 0 0 1 1 0 1 1 0 
1 1 0 1 0 1 0 1 0 1 0 0 0 0 0 0 1 1 1 0 
1 1 0 0 1 0 1 0 1 0 0 1 0 1 0 0 1 1 1 0 
0 1 1 1 1 0 1 1 0 0 0 0 1 1 1 0 1 0 0 1 
1 1 0 0 0 1 0 0 0 1 0 0 1 1 0 1 1 0 0 1 
1 0 0 0 1 1 1 0 0 0 1 1 0 1 1 0 1 1 1 0 
0 1 0 1 1 1 0 0 0 1 1 1 1 0 0 1 1 1 0 0 
1 1 0 0 0 1 1 1 0 0 1 0 1 0 0 1 0 1 1 1 
1 1 0 1 1 0 0 1 0 0 0 1 0 1 1 0 1 1 1 0 
1 1 1 1 1 1 0 0 1 1 1 1 1 1 0 1 0 1 1 1 
0 1 1 0 1 0 1 1 1 1 0 0 1 1 1 1 1 0 1 1 
0 0 1 0 0 1 1 1 1 1 0 0 1 0 1 1 1 1 0 1 
1 1 1 0 1 1 1 0 0 0 1 1 0 0 1 0 1 1 1 0 
Hamilton cycle:
2 1 3 5 4 6 10 7 8 9 11 13 12 14 15 16 17 18 19 0 
Time: 0.016
---------------------------
0 1 0 1 0 0 1 0 1 0 1 1 1 1 0 1 0 0 0 1 
1 0 1 1 0 1 1 1 0 0 1 0 1 0 0 1 0 0 1 0 
0 1 0 1 1 1 0 1 1 1 1 1 0 1 0 0 1 1 0 1 
1 1 1 0 1 0 1 0 0 0 1 1 0 0 1 0 0 1 0 1 
0 0 1 1 0 1 1 1 1 1 0 0 1 0 1 1 1 0 1 0 
0 1 1 0 1 0 0 1 0 0 1 1 1 1 1 1 0 1 1 1 
1 1 0 1 1 0 0 1 1 1 1 1 0 1 1 0 0 1 1 1 
0 1 1 0 1 1 1 0 1 0 1 0 0 1 1 1 0 0 1 0 
1 0 1 0 1 0 1 1 0 0 0 0 0 1 1 0 0 0 1 1 
0 0 1 0 1 0 1 0 0 0 1 1 0 0 1 0 0 0 0 0 
1 1 1 1 0 1 1 1 0 1 0 1 1 1 1 0 1 1 1 1 
1 0 1 1 0 1 1 0 0 1 1 0 1 0 0 1 1 0 1 1 
1 1 0 0 1 1 0 0 0 0 1 1 0 1 1 0 1 0 1 0 
1 0 1 0 0 1 1 1 1 0 1 0 1 0 1 1 1 0 0 1 
0 0 0 1 1 1 1 1 1 1 1 0 1 1 0 0 1 1 0 0 
1 1 0 0 1 1 0 1 0 0 0 1 0 1 0 0 0 1 1 1 
0 0 1 0 1 0 0 0 0 0 1 1 1 1 1 0 0 1 1 1 
0 0 1 1 0 1 1 0 0 0 1 0 0 0 1 1 1 0 0 1 
0 1 0 0 1 1 1 1 1 0 1 1 1 0 0 1 1 0 0 0 
1 0 1 1 0 1 1 0 1 0 1 1 0 1 0 1 1 1 0 0 
Hamilton cycle:
1 2 3 4 5 7 8 6 9 10 11 12 14 13 15 18 16 17 19 0 
Time: 0
---------------------------
0 1 1 1 0 1 0 0 0 1 1 1 0 1 1 1 1 1 1 1 
1 0 0 1 1 1 1 1 1 1 0 1 0 1 1 1 1 0 1 0 
1 0 0 1 0 0 0 1 0 0 0 1 1 1 0 1 1 0 1 0 
1 1 1 0 1 1 1 1 1 1 1 0 0 1 1 0 1 0 0 0 
0 1 0 1 0 0 1 0 1 1 0 0 1 1 1 1 0 1 0 1 
1 1 0 1 0 0 0 0 1 0 1 1 0 1 0 1 1 0 1 1 
0 1 0 1 1 0 0 1 1 1 0 0 0 0 1 0 1 0 1 0 
0 1 1 1 0 0 1 0 1 0 1 1 1 0 1 0 1 1 1 1 
0 1 0 1 1 1 1 1 0 0 1 0 1 0 1 0 1 0 0 1 
1 1 0 1 1 0 1 0 0 0 1 1 1 1 0 0 1 1 1 0 
1 0 0 1 0 1 0 1 1 1 0 1 1 1 0 0 1 1 1 1 
1 1 1 0 0 1 0 1 0 1 1 0 1 1 1 1 0 1 1 1 
0 0 1 0 1 0 0 1 1 1 1 1 0 1 0 1 1 1 0 1 
1 1 1 1 1 1 0 0 0 1 1 1 1 0 1 1 0 1 1 0 
1 1 0 1 1 0 1 1 1 0 0 1 0 1 0 0 1 1 1 1 
1 1 1 0 1 1 0 0 0 0 0 1 1 1 0 0 0 0 1 0 
1 1 1 1 0 1 1 1 1 1 1 0 1 0 1 0 0 1 0 1 
1 0 0 0 1 0 0 1 0 1 1 1 1 1 1 0 1 0 0 1 
1 1 1 0 0 1 1 1 0 1 1 1 0 1 1 1 0 0 0 1 
1 0 0 0 1 1 0 1 1 0 1 1 1 0 1 0 1 1 1 0 
Hamilton cycle:
5 1 4 3 2 7 8 6 9 10 12 11 14 16 17 13 15 18 19 0 
Time: 0.015
---------------------------
0 1 1 1 1 1 0 0 1 1 1 1 1 1 0 0 1 1 0 1 
1 0 1 1 0 0 0 0 1 1 1 0 1 0 1 0 0 1 1 1 
1 1 0 1 1 0 1 1 1 1 1 1 1 1 0 1 0 1 1 0 
1 1 1 0 1 0 0 1 1 1 1 0 0 1 0 1 1 0 1 0 
1 0 1 1 0 1 0 1 0 1 0 0 0 1 0 0 1 1 0 1 
1 0 0 0 1 0 1 1 0 0 1 1 0 1 1 0 0 1 0 1 
0 0 1 0 0 1 0 1 0 0 0 1 0 0 0 0 1 0 0 1 
0 0 1 1 1 1 1 0 0 0 1 0 1 0 1 0 1 0 0 1 
1 1 1 1 0 0 0 0 0 1 1 0 1 1 1 0 1 1 0 1 
1 1 1 1 1 0 0 0 1 0 1 0 1 1 0 1 1 0 0 1 
1 1 1 1 0 1 0 1 1 1 0 0 1 1 1 1 1 0 0 1 
1 0 1 0 0 1 1 0 0 0 0 0 1 1 0 1 1 0 0 0 
1 1 1 0 0 0 0 1 1 1 1 1 0 1 0 0 1 0 0 1 
1 0 1 1 1 1 0 0 1 1 1 1 1 0 1 1 1 0 1 0 
0 1 0 0 0 1 0 1 1 0 1 0 0 1 0 0 1 0 1 1 
0 0 1 1 0 0 0 0 0 1 1 1 0 1 0 0 1 1 1 1 
1 0 0 1 1 0 1 1 1 1 1 1 1 1 1 1 0 0 1 0 
1 1 1 0 1 1 0 0 1 0 0 0 0 0 0 1 0 0 0 1 
0 1 1 1 0 0 0 0 0 0 0 0 0 1 1 1 1 0 0 0 
1 1 0 0 1 1 1 1 1 1 1 0 1 0 1 1 0 1 0 0 
Hamilton cycle:
5 4 2 1 3 8 9 10 7 6 11 12 13 14 16 18 15 17 19 0 
Time: 0.016
---------------------------
0 1 1 0 1 1 0 1 0 1 0 1 0 1 1 1 1 0 1 1 
1 0 1 0 1 1 1 1 1 0 1 1 0 0 1 0 1 0 0 0 
1 1 0 1 0 1 0 0 0 1 0 1 0 1 1 1 0 1 0 1 
0 0 1 0 0 1 1 0 0 1 0 1 0 1 0 1 1 0 1 1 
1 1 0 0 0 1 1 0 1 1 1 1 1 1 1 1 1 0 1 0 
1 1 1 1 1 0 1 0 0 0 0 0 1 1 1 0 1 0 1 1 
0 1 0 1 1 1 0 1 1 1 1 1 0 0 1 1 0 1 1 0 
1 1 0 0 0 0 1 0 1 1 1 0 1 1 0 1 1 0 1 1 
0 1 0 0 1 0 1 1 0 0 1 0 1 1 1 0 1 0 1 1 
1 0 1 1 1 0 1 1 0 0 1 0 0 0 0 1 0 1 1 0 
0 1 0 0 1 0 1 1 1 1 0 1 1 1 1 0 0 0 1 1 
1 1 1 1 1 0 1 0 0 0 1 0 1 0 1 1 1 0 0 1 
0 0 0 0 1 1 0 1 1 0 1 1 0 0 1 1 0 1 1 1 
1 0 1 1 1 1 0 1 1 0 1 0 0 0 1 0 1 1 1 1 
1 1 1 0 1 1 1 0 1 0 1 1 1 1 0 1 0 1 0 1 
1 0 1 1 1 0 1 1 0 1 0 1 1 0 1 0 1 1 1 1 
1 1 0 1 1 1 0 1 1 0 0 1 0 1 0 1 0 0 0 1 
0 0 1 0 0 0 1 0 0 1 0 0 1 1 1 1 0 0 1 1 
1 0 0 1 1 1 1 1 1 1 1 0 1 1 0 1 0 1 0 0 
1 0 1 1 0 1 0 1 1 0 1 1 1 1 1 1 1 1 0 0 
Hamilton cycle:
4 1 2 3 5 6 8 7 9 10 11 12 14 13 16 15 18 17 19 0 
Time: 0.015
---------------------------
0 1 0 1 0 0 0 1 0 1 0 1 1 1 0 1 0 1 0 1 
1 0 0 0 0 0 0 1 1 0 1 0 1 1 0 0 1 0 0 0 
0 0 0 1 1 1 0 1 1 1 1 1 1 0 0 0 1 1 0 1 
1 0 1 0 1 0 1 1 1 0 0 0 1 1 0 0 0 0 0 0 
0 0 1 1 0 0 1 1 0 1 0 0 1 1 1 1 1 0 1 1 
0 0 1 0 0 0 1 1 1 1 1 1 1 1 1 1 1 1 0 1 
0 0 0 1 1 1 0 1 0 0 1 1 0 1 1 1 1 0 0 1 
1 1 1 1 1 1 1 0 0 1 1 1 1 1 1 0 1 0 0 1 
0 1 1 1 0 1 0 0 0 1 0 1 0 1 0 1 0 0 0 0 
1 0 1 0 1 1 0 1 1 0 1 1 1 1 0 1 1 0 1 1 
0 1 1 0 0 1 1 1 0 1 0 0 0 1 1 1 1 0 1 1 
1 0 1 0 0 1 1 1 1 1 0 0 0 1 1 0 1 0 1 1 
1 1 1 1 1 1 0 1 0 1 0 0 0 0 0 0 0 1 0 0 
1 1 0 1 1 1 1 1 1 1 1 1 0 0 1 1 1 1 1 1 
0 0 0 0 1 1 1 1 0 0 1 1 0 1 0 0 1 1 1 0 
1 0 0 0 1 1 1 0 1 1 1 0 0 1 0 0 1 1 1 1 
0 1 1 0 1 1 1 1 0 1 1 1 0 1 1 1 0 0 0 1 
1 0 1 0 0 1 0 0 0 0 0 0 1 1 1 1 0 0 1 1 
0 0 0 0 1 0 0 0 0 1 1 1 0 1 1 1 0 1 0 0 
1 0 1 0 1 1 1 1 0 1 1 1 0 1 0 1 1 1 0 0 
Hamilton cycle:
1 8 3 4 2 5 6 10 7 12 9 11 13 14 16 15 18 17 19 0 
Time: 0.016
---------------------------
0 0 1 1 0 0 0 1 0 1 0 0 1 1 0 1 1 0 1 0 
0 0 1 1 1 0 0 1 1 1 1 1 0 1 1 0 1 0 0 0 
1 1 0 1 1 1 0 0 0 1 0 0 1 0 1 1 0 0 1 1 
1 1 1 0 1 0 0 1 1 1 1 1 1 0 1 0 1 1 1 1 
0 1 1 1 0 1 1 1 0 1 1 0 0 0 1 1 1 1 1 1 
0 0 1 0 1 0 1 1 1 0 0 1 1 1 0 0 0 0 0 1 
0 0 0 0 1 1 0 1 0 1 0 1 0 0 1 1 1 1 1 0 
1 1 0 1 1 1 1 0 1 1 1 1 1 0 0 1 0 1 1 0 
0 1 0 1 0 1 0 1 0 0 0 1 1 0 1 1 0 1 1 1 
1 1 1 1 1 0 1 1 0 0 1 0 0 1 1 1 1 1 1 0 
0 1 0 1 1 0 0 1 0 1 0 1 0 1 1 1 0 1 1 0 
0 1 0 1 0 1 1 1 1 0 1 0 1 1 1 1 1 0 1 0 
1 0 1 1 0 1 0 1 1 0 0 1 0 1 0 0 1 1 1 1 
1 1 0 0 0 1 0 0 0 1 1 1 1 0 1 0 1 1 1 1 
0 1 1 1 1 0 1 0 1 1 1 1 0 1 0 0 1 0 1 0 
1 0 1 0 1 0 1 1 1 1 1 1 0 0 0 0 1 0 0 1 
1 1 0 1 1 0 1 0 0 1 0 1 1 1 1 1 0 1 0 1 
0 0 0 1 1 0 1 1 1 1 1 0 1 1 0 0 1 0 1 1 
1 0 1 1 1 0 1 1 1 1 1 1 1 1 1 0 0 1 0 1 
0 0 1 1 1 1 0 0 1 0 0 0 1 1 0 1 1 1 1 0 
Hamilton cycle:
2 1 3 4 5 6 9 10 7 8 12 13 14 11 15 16 17 19 18 0 
Time: 0.016
---------------------------
0 1 1 1 1 1 1 1 1 1 1 0 1 0 1 1 1 1 0 0 
1 0 1 1 1 1 1 1 1 1 0 1 1 1 1 0 0 1 1 1 
1 1 0 1 1 1 1 0 1 0 1 0 1 0 1 1 0 0 1 0 
1 1 1 0 1 1 0 1 0 1 0 0 0 1 1 1 0 1 1 1 
1 1 1 1 0 1 1 0 1 0 1 1 1 0 0 0 0 0 1 0 
1 1 1 1 1 0 1 1 1 1 1 1 1 0 0 1 1 1 0 1 
1 1 1 0 1 1 0 1 0 1 1 0 0 0 1 1 0 1 0 1 
1 1 0 1 0 1 1 0 0 0 0 1 0 1 0 0 1 0 0 1 
1 1 1 0 1 1 0 0 0 0 1 1 1 0 1 1 0 0 1 0 
1 1 0 1 0 1 1 0 0 0 0 1 1 0 0 1 1 1 0 1 
1 0 1 0 1 1 1 0 1 0 0 0 0 1 1 1 0 1 1 1 
0 1 0 0 1 1 0 1 1 1 0 0 0 1 1 1 0 1 1 1 
1 1 1 0 1 1 0 0 1 1 0 0 0 0 0 0 0 0 0 0 
0 1 0 1 0 0 0 1 0 0 1 1 0 0 0 1 1 1 0 0 
1 1 1 1 0 0 1 0 1 0 1 1 0 0 0 0 1 1 1 0 
1 0 1 1 0 1 1 0 1 1 1 1 0 1 0 0 0 1 0 1 
1 0 0 0 0 1 0 1 0 1 0 0 0 1 1 0 0 0 1 1 
1 1 0 1 0 1 1 0 0 1 1 1 0 1 1 1 0 0 1 1 
0 1 1 1 1 0 0 0 1 0 1 1 0 0 1 0 1 1 0 1 
0 1 0 1 0 1 1 1 0 1 1 1 0 0 0 1 1 1 1 0 
Hamilton cycle:
1 2 3 4 5 7 6 9 12 8 10 13 15 11 14 16 18 19 17 0 
Time: 0
---------------------------
0 1 0 0 0 1 0 0 0 1 1 0 1 1 1 0 1 0 0 0 
1 0 1 0 1 0 1 1 0 1 1 1 0 0 0 1 1 0 0 0 
0 1 0 1 0 0 1 1 0 0 1 0 1 1 1 1 1 0 0 0 
0 0 1 0 0 0 0 1 0 1 1 0 0 1 0 0 0 1 0 0 
0 1 0 0 0 1 1 0 1 0 1 0 1 1 0 0 1 1 1 1 
1 0 0 0 1 0 1 1 1 1 0 1 1 1 1 0 1 1 1 1 
0 1 1 0 1 1 0 1 0 1 1 1 0 0 0 1 1 1 0 1 
0 1 1 1 0 1 1 0 1 1 1 1 1 0 1 1 1 1 1 0 
0 0 0 0 1 1 0 1 0 0 1 0 1 1 1 1 0 0 1 0 
1 1 0 1 0 1 1 1 0 0 1 0 1 1 1 1 1 1 1 0 
1 1 1 1 1 0 1 1 1 1 0 0 0 1 0 0 1 1 1 0 
0 1 0 0 0 1 1 1 0 0 0 0 1 0 0 1 1 1 1 1 
1 0 1 0 1 1 0 1 1 1 0 1 0 0 1 0 1 1 0 1 
1 0 1 1 1 1 0 0 1 1 1 0 0 0 1 0 0 1 0 1 
1 0 1 0 0 1 0 1 1 1 0 0 1 1 0 0 1 0 0 1 
0 1 1 0 0 0 1 1 1 1 0 1 0 0 0 0 0 0 0 0 
1 1 1 0 1 1 1 1 0 1 1 1 1 0 1 0 0 1 0 1 
0 0 0 1 1 1 1 1 0 1 1 1 1 1 0 0 1 0 1 1 
0 0 0 0 1 1 0 1 1 1 1 1 0 0 0 0 0 1 0 1 
0 0 0 0 1 1 1 0 0 0 0 1 1 1 1 0 1 1 1 0 
Hamilton cycle:
1 4 5 6 2 3 7 8 10 9 15 11 12 14 13 17 18 19 16 0 
Time: 0.046
---------------------------
0 0 1 0 1 0 0 0 1 0 1 1 0 1 1 1 0 1 0 1 
0 0 1 1 0 0 1 1 1 1 1 0 1 1 1 1 1 1 0 1 
1 1 0 1 0 0 1 0 1 0 0 1 0 1 0 1 0 1 1 1 
0 1 1 0 0 1 0 1 1 0 1 1 1 1 1 1 1 0 0 1 
1 0 0 0 0 1 1 1 1 1 1 0 1 1 0 0 0 1 0 1 
0 0 0 1 1 0 0 1 1 1 0 1 1 1 1 0 0 1 1 1 
0 1 1 0 1 0 0 1 0 1 0 1 1 0 0 0 1 1 0 0 
0 1 0 1 1 1 1 0 1 1 1 0 0 1 1 0 1 0 1 0 
1 1 1 1 1 1 0 1 0 0 0 1 1 0 0 0 1 0 1 1 
0 1 0 0 1 1 1 1 0 0 1 0 1 1 0 1 0 0 1 1 
1 1 0 1 1 0 0 1 0 1 0 0 1 1 0 0 1 1 1 1 
1 0 1 1 0 1 1 0 1 0 0 0 0 1 1 0 1 0 1 0 
0 1 0 1 1 1 1 0 1 1 1 0 0 0 1 1 1 1 1 1 
1 1 1 1 1 1 0 1 0 1 1 1 0 0 1 1 1 0 1 0 
1 1 0 1 0 1 0 1 0 0 0 1 1 1 0 1 1 1 1 1 
1 1 1 1 0 0 0 0 0 1 0 0 1 1 1 0 1 0 0 0 
0 1 0 1 0 0 1 1 1 0 1 1 1 1 1 1 0 1 0 1 
1 1 1 0 1 1 1 0 0 0 1 0 1 0 1 0 1 0 1 1 
0 0 1 0 0 1 0 1 1 1 1 1 1 1 1 0 0 1 0 1 
1 1 1 1 1 1 0 0 1 1 1 0 1 0 1 0 1 1 1 0 
Hamilton cycle:
2 1 3 5 4 6 7 9 10 12 8 11 13 14 15 16 17 18 19 0 
Time: 0
---------------------------
0 0 1 1 1 1 1 1 1 0 1 1 1 0 1 0 0 1 0 1 
0 0 1 0 1 0 1 0 0 1 0 0 1 1 1 1 0 1 0 0 
1 1 0 1 1 1 0 1 1 0 0 1 0 0 1 1 0 0 0 0 
1 0 1 0 0 1 1 1 0 0 0 1 1 0 1 1 1 0 1 0 
1 1 1 0 0 0 1 1 0 1 0 0 0 1 1 0 1 1 0 1 
1 0 1 1 0 0 0 1 1 0 0 1 1 0 1 0 1 1 0 0 
1 1 0 1 1 0 0 1 0 0 0 1 0 1 0 1 1 0 1 1 
1 0 1 1 1 1 1 0 0 0 1 0 1 1 1 1 1 1 1 1 
1 0 1 0 0 1 0 0 0 0 0 0 1 1 0 0 1 1 1 0 
0 1 0 0 1 0 0 0 0 0 1 1 0 1 0 1 0 0 1 0 
1 0 0 0 0 0 0 1 0 1 0 1 1 1 0 0 1 1 1 1 
1 0 1 1 0 1 1 0 0 1 1 0 1 1 1 0 1 1 0 1 
1 1 0 1 0 1 0 1 1 0 1 1 0 0 1 0 1 1 0 1 
0 1 0 0 1 0 1 1 1 1 1 1 0 0 0 0 1 1 0 0 
1 1 1 1 1 1 0 1 0 0 0 1 1 0 0 0 1 1 1 1 
0 1 1 1 0 0 1 1 0 1 0 0 0 0 0 0 0 1 0 0 
0 0 0 1 1 1 1 1 1 0 1 1 1 1 1 0 0 0 1 1 
1 1 0 0 1 1 0 1 1 0 1 1 1 1 1 1 0 0 0 1 
0 0 0 1 0 0 1 1 1 1 1 0 0 0 1 0 1 0 0 1 
1 0 0 0 1 0 1 1 0 0 1 1 1 0 1 0 1 1 1 0 
Hamilton cycle:
3 5 8 2 1 4 6 7 10 12 11 13 9 15 17 14 16 18 19 0 
Time: 0.016
---------------------------
0 0 1 1 0 1 1 1 1 1 1 1 1 0 1 1 1 1 0 1 
0 0 1 1 0 0 0 1 1 1 1 0 1 0 1 1 1 0 0 1 
1 1 0 1 1 1 1 1 1 0 1 0 1 0 0 1 0 0 1 1 
1 1 1 0 1 1 1 1 0 0 1 1 1 1 0 1 1 1 1 1 
0 0 1 1 0 1 0 0 0 1 1 1 0 0 1 1 1 1 1 1 
1 0 1 1 1 0 1 1 0 1 0 1 0 1 0 1 1 0 1 1 
1 0 1 1 0 1 0 1 1 0 1 1 0 1 0 1 1 0 1 0 
1 1 1 1 0 1 1 0 1 0 1 1 0 0 0 0 1 1 1 0 
1 1 1 0 0 0 1 1 0 1 1 0 0 0 0 0 1 1 0 1 
1 1 0 0 1 1 0 0 1 0 1 1 1 1 1 0 0 1 1 1 
1 1 1 1 1 0 1 1 1 1 0 1 1 0 1 1 1 1 0 0 
1 0 0 1 1 1 1 1 0 1 1 0 0 1 0 0 1 1 0 0 
1 1 1 1 0 0 0 0 0 1 1 0 0 1 1 0 1 0 1 0 
0 0 0 1 0 1 1 0 0 1 0 1 1 0 1 0 1 1 0 1 
1 1 0 0 1 0 0 0 0 1 1 0 1 1 0 0 1 1 0 1 
1 1 1 1 1 1 1 0 0 0 1 0 0 0 0 0 0 0 1 1 
1 1 0 1 1 1 1 1 1 0 1 1 1 1 1 0 0 1 1 0 
1 0 0 1 1 0 0 1 1 1 1 1 0 1 1 0 1 0 1 0 
0 0 1 1 1 1 1 1 0 1 0 0 1 0 0 1 1 1 0 1 
1 1 1 1 1 1 0 0 1 1 0 0 0 1 1 1 0 0 1 0 
Hamilton cycle:
2 1 3 4 5 7 8 9 11 6 15 10 12 13 14 16 17 18 19 0 
Time: 0.016
---------------------------
0 1 1 1 0 1 0 0 0 0 0 0 0 1 1 1 1 1 0 0 
1 0 0 1 1 0 0 1 1 0 0 1 1 0 1 0 0 0 0 1 
1 0 0 1 0 1 1 0 1 1 0 0 1 0 0 1 0 1 1 1 
1 1 1 0 0 0 1 1 1 1 1 0 1 1 1 0 1 1 0 1 
0 1 0 0 0 0 1 1 0 1 1 1 1 1 0 0 0 1 0 1 
1 0 1 0 0 0 1 1 0 1 0 1 0 0 0 0 0 1 1 1 
0 0 1 1 1 1 0 1 1 0 1 1 1 0 0 1 1 1 0 1 
0 1 0 1 1 1 1 0 1 1 0 1 1 0 0 1 1 0 1 1 
0 1 1 1 0 0 1 1 0 1 1 1 1 0 0 0 1 1 1 1 
0 0 1 1 1 1 0 1 1 0 0 1 1 0 1 0 1 1 1 0 
0 0 0 1 1 0 1 0 1 0 0 1 0 1 1 0 1 0 1 0 
0 1 0 0 1 1 1 1 1 1 1 0 1 0 0 0 1 0 0 0 
0 1 1 1 1 0 1 1 1 1 0 1 0 0 0 1 1 1 1 1 
1 0 0 1 1 0 0 0 0 0 1 0 0 0 1 1 1 1 1 1 
1 1 0 1 0 0 0 0 0 1 1 0 0 1 0 1 1 1 0 1 
1 0 1 0 0 0 1 1 0 0 0 0 1 1 1 0 1 1 0 0 
1 0 0 1 0 0 1 1 1 1 1 1 1 1 1 1 0 1 1 0 
1 0 1 1 1 1 1 0 1 1 0 0 1 1 1 1 1 0 1 1 
0 0 1 0 0 1 0 1 1 1 1 0 1 1 0 0 1 1 0 1 
0 1 1 1 1 1 1 1 1 0 0 0 1 1 1 0 0 1 1 0 
Hamilton cycle:
5 2 3 1 4 6 7 8 9 12 11 10 13 14 15 16 18 19 17 0 
Time: 0
---------------------------
0 1 0 0 1 0 0 1 1 1 1 1 1 1 1 1 0 1 0 0 
1 0 0 1 0 1 0 1 0 0 1 0 1 0 0 0 1 1 0 1 
0 0 0 1 0 0 1 1 1 0 1 0 1 1 1 0 1 1 0 1 
0 1 1 0 1 1 1 0 0 0 1 1 1 1 1 1 1 0 0 1 
1 0 0 1 0 1 0 1 0 1 0 1 1 0 1 1 1 0 0 1 
0 1 0 1 1 0 1 1 1 1 0 0 1 0 0 1 1 1 1 0 
0 0 1 1 0 1 0 0 1 0 0 1 1 1 0 1 1 1 0 1 
1 1 1 0 1 1 0 0 1 1 1 1 1 1 1 1 0 1 0 1 
1 0 1 0 0 1 1 1 0 0 1 0 1 0 0 0 1 1 0 0 
1 0 0 0 1 1 0 1 0 0 1 0 0 1 0 1 1 1 1 0 
1 1 1 1 0 0 0 1 1 1 0 1 0 0 0 0 1 0 1 0 
1 0 0 1 1 0 1 1 0 0 1 0 1 1 1 0 1 1 0 1 
1 1 1 1 1 1 1 1 1 0 0 1 0 0 0 1 1 1 0 1 
1 0 1 1 0 0 1 1 0 1 0 1 0 0 0 0 1 0 1 1 
1 0 1 1 1 0 0 1 0 0 0 1 0 0 0 1 1 1 0 1 
1 0 0 1 1 1 1 1 0 1 0 0 1 0 1 0 0 1 0 1 
0 1 1 1 1 1 1 0 1 1 1 1 1 1 1 0 0 1 1 1 
1 1 1 0 0 1 1 1 1 1 0 1 1 0 1 1 1 0 1 1 
0 0 0 0 0 1 0 0 0 1 1 0 0 1 0 0 1 1 0 0 
0 1 1 1 1 0 1 1 0 0 0 1 1 1 1 1 1 1 0 0 
Hamilton cycle:
1 3 2 6 5 4 7 9 10 8 12 15 14 11 13 18 16 19 17 0 
Time: 0.031
---------------------------
0 1 0 1 0 0 1 0 1 1 1 0 1 1 1 1 0 1 1 1 
1 0 1 0 0 1 1 0 0 1 1 0 1 0 1 0 0 0 1 0 
0 1 0 1 1 1 0 0 1 1 0 0 0 0 1 0 1 1 0 0 
1 0 1 0 1 1 0 0 1 1 1 0 1 1 0 1 0 1 0 1 
0 0 1 1 0 0 1 0 0 0 1 1 0 0 0 0 0 1 0 0 
0 1 1 1 0 0 1 0 0 1 1 0 1 1 1 0 1 1 0 1 
1 1 0 0 1 1 0 1 0 0 1 0 1 0 1 0 1 1 1 1 
0 0 0 0 0 0 1 0 1 1 0 1 0 1 1 1 0 0 0 1 
1 0 1 1 0 0 0 1 0 1 0 1 1 1 1 1 0 1 1 0 
1 1 1 1 0 1 0 1 1 0 1 1 0 0 1 0 1 0 1 0 
1 1 0 1 1 1 1 0 0 1 0 1 0 1 0 0 1 1 0 0 
0 0 0 0 1 0 0 1 1 1 1 0 0 0 0 1 0 0 0 1 
1 1 0 1 0 1 1 0 1 0 0 0 0 0 1 0 0 1 0 1 
1 0 0 1 0 1 0 1 1 0 1 0 0 0 1 1 1 1 1 1 
1 1 1 0 0 1 1 1 1 1 0 0 1 1 0 1 1 1 0 1 
1 0 0 1 0 0 0 1 1 0 0 1 0 1 1 0 0 0 1 1 
0 0 1 0 0 1 1 0 0 1 1 0 0 1 1 0 0 1 1 1 
1 0 1 1 1 1 1 0 1 0 1 0 1 1 1 0 1 0 0 1 
1 1 0 0 0 0 1 0 1 1 0 0 0 1 0 1 1 0 0 1 
1 0 0 1 0 1 1 1 0 0 0 1 1 1 1 1 1 1 1 0 
Hamilton cycle:
1 2 4 3 5 12 6 7 8 9 11 10 13 15 14 17 16 18 19 0 
Time: 0.218
---------------------------
0 1 0 1 0 1 0 1 1 1 1 1 1 1 1 1 0 1 1 0 
1 0 0 1 0 1 1 1 0 0 0 1 1 1 1 0 0 0 0 1 
0 0 0 0 1 1 0 1 0 1 1 0 0 0 0 1 1 0 1 1 
1 1 0 0 0 1 1 0 1 1 0 0 1 1 0 0 1 1 1 0 
0 0 1 0 0 0 0 1 1 0 1 0 1 1 1 1 1 1 0 1 
1 1 1 1 0 0 0 0 0 1 1 0 0 1 1 0 0 1 0 0 
0 1 0 1 0 0 0 1 0 0 1 1 1 1 0 1 0 1 1 0 
1 1 1 0 1 0 1 0 1 1 1 1 0 0 0 1 1 1 1 1 
1 0 0 1 1 0 0 1 0 1 1 1 1 1 0 1 1 1 0 1 
1 0 1 1 0 1 0 1 1 0 1 1 1 0 0 0 0 1 0 1 
1 0 1 0 1 1 1 1 1 1 0 1 1 0 0 0 1 0 0 1 
1 1 0 0 0 0 1 1 1 1 1 0 0 0 0 0 1 0 1 1 
1 1 0 1 1 0 1 0 1 1 1 0 0 1 0 1 0 1 1 1 
1 1 0 1 1 1 1 0 1 0 0 0 1 0 0 0 1 0 0 1 
1 1 0 0 1 1 0 0 0 0 0 0 0 0 0 0 1 1 1 0 
1 0 1 0 1 0 1 1 1 0 0 0 1 0 0 0 1 0 1 1 
0 0 1 1 1 0 0 1 1 0 1 1 0 1 1 1 0 1 1 0 
1 0 0 1 1 1 1 1 1 1 0 0 1 0 1 0 1 0 1 1 
1 0 1 1 0 0 1 1 0 0 0 1 1 0 1 1 1 1 0 1 
0 1 1 0 1 0 0 1 1 1 1 1 1 1 0 1 0 1 1 0 
Hamilton cycle:
1 14 4 2 5 3 6 7 9 10 11 8 13 12 15 16 17 19 18 0 
Time: 0
---------------------------
0 0 1 0 1 1 1 1 0 0 1 1 0 1 0 1 0 1 0 1 
0 0 0 1 1 1 1 0 1 1 1 1 1 1 1 1 0 1 1 1 
1 0 0 0 1 0 0 1 1 1 1 1 1 0 1 1 1 1 0 0 
0 1 0 0 1 1 0 0 0 1 0 1 1 1 0 1 1 1 1 1 
1 1 1 1 0 1 0 1 0 0 1 1 1 1 1 0 1 0 1 1 
1 1 0 1 1 0 0 0 0 1 0 1 0 0 1 0 1 1 1 0 
1 1 0 0 0 0 0 1 1 1 1 1 0 1 1 0 1 0 0 1 
1 0 1 0 1 0 1 0 0 1 1 1 0 1 1 1 0 1 0 0 
0 1 1 0 0 0 1 0 0 1 1 1 1 0 1 1 0 0 0 1 
0 1 1 1 0 1 1 1 1 0 1 1 1 0 0 1 0 0 1 1 
1 1 1 0 1 0 1 1 1 1 0 1 1 0 0 1 1 1 1 1 
1 1 1 1 1 1 1 1 1 1 1 0 0 1 1 1 1 1 1 0 
0 1 1 1 1 0 0 0 1 1 1 0 0 1 0 1 0 1 1 1 
1 1 0 1 1 0 1 1 0 0 0 1 1 0 0 0 1 0 0 1 
0 1 1 0 1 1 1 1 1 0 0 1 0 0 0 0 1 0 1 0 
1 1 1 1 0 0 0 1 1 1 1 1 1 0 0 0 1 1 0 0 
0 0 1 1 1 1 1 0 0 0 1 1 0 1 1 1 0 1 1 1 
1 1 1 1 0 1 0 1 0 0 1 1 1 0 0 1 1 0 0 1 
0 1 0 1 1 1 0 0 0 1 1 1 1 0 1 0 1 0 0 1 
1 1 0 1 1 0 1 0 1 1 1 0 1 1 0 0 1 1 1 0 
Hamilton cycle:
2 4 3 5 1 6 7 9 10 8 14 11 13 12 15 17 16 18 19 0 
Time: 0.016
---------------------------
0 1 1 1 1 0 1 1 0 0 1 0 0 1 0 1 1 1 0 0 
1 0 1 0 1 0 0 0 1 0 1 1 0 0 1 1 1 1 1 1 
1 1 0 0 0 0 1 0 0 1 0 1 1 1 1 0 0 1 1 1 
1 0 0 0 1 0 0 1 0 0 0 0 1 1 1 1 1 1 1 1 
1 1 0 1 0 0 1 0 1 0 0 1 0 1 1 0 1 1 0 1 
0 0 0 0 0 0 1 1 1 1 1 1 1 1 1 1 0 1 0 1 
1 0 1 0 1 1 0 1 1 0 0 1 1 0 0 0 1 1 1 0 
1 0 0 1 0 1 1 0 0 1 0 1 1 0 0 1 1 0 0 1 
0 1 0 0 1 1 1 0 0 1 1 1 1 1 1 1 1 1 0 1 
0 0 1 0 0 1 0 1 1 0 0 0 1 1 1 0 1 0 0 0 
1 1 0 0 0 1 0 0 1 0 0 0 1 1 1 0 1 1 1 1 
0 1 1 0 1 1 1 1 1 0 0 0 1 1 1 0 0 1 1 0 
0 0 1 1 0 1 1 1 1 1 1 1 0 1 1 1 1 1 0 0 
1 0 1 1 1 1 0 0 1 1 1 1 1 0 1 1 0 0 1 1 
0 1 1 1 1 1 0 0 1 1 1 1 1 1 0 1 0 1 1 0 
1 1 0 1 0 1 0 1 1 0 0 0 1 1 1 0 0 1 1 1 
1 1 0 1 1 0 1 1 1 1 1 0 1 0 0 0 0 0 1 0 
1 1 1 1 1 1 1 0 1 0 1 1 1 0 1 1 0 0 1 1 
0 1 1 1 0 0 1 0 0 0 1 1 0 1 1 1 1 1 0 0 
0 1 1 1 1 1 0 1 1 0 1 0 0 1 0 1 0 1 0 0 
Hamilton cycle:
3 4 1 2 6 7 9 5 10 8 11 13 14 12 16 18 15 19 17 0 
Time: 0
---------------------------
0 1 1 0 1 0 0 0 0 0 0 0 0 1 1 1 0 0 0 0 
1 0 1 1 0 0 1 1 1 0 1 1 0 1 0 0 0 1 1 1 
1 1 0 1 0 1 1 0 1 1 1 0 1 1 1 1 1 1 1 0 
0 1 1 0 1 1 0 1 0 0 0 1 1 0 1 1 1 0 1 1 
1 0 0 1 0 0 0 1 1 1 0 1 0 1 0 1 0 1 1 1 
0 0 1 1 0 0 1 1 0 1 0 1 1 1 0 1 1 1 1 1 
0 1 1 0 0 1 0 0 1 0 0 1 0 1 0 0 1 1 1 1 
0 1 0 1 1 1 0 0 0 0 1 0 0 1 1 1 1 1 0 0 
0 1 1 0 1 0 1 0 0 1 0 1 0 1 0 0 1 1 1 1 
0 0 1 0 1 1 0 0 1 0 1 1 1 1 1 0 0 0 0 0 
0 1 1 0 0 0 0 1 0 1 0 0 0 1 1 1 1 1 0 1 
0 1 0 1 1 1 1 0 1 1 0 0 0 1 1 1 0 0 1 1 
0 0 1 1 0 1 0 0 0 1 0 0 0 0 1 1 1 1 0 0 
1 1 1 0 1 1 1 1 1 1 1 1 0 0 1 0 1 1 0 1 
1 0 1 1 0 0 0 1 0 1 1 1 1 1 0 1 0 1 1 0 
1 0 1 1 1 1 0 1 0 0 1 1 1 0 1 0 1 0 1 0 
0 0 1 1 0 1 1 1 1 0 1 0 1 1 0 1 0 0 0 1 
0 1 1 0 1 1 1 1 1 0 1 0 1 1 1 0 0 0 1 1 
0 1 1 1 1 1 1 0 1 0 0 1 0 0 1 1 0 1 0 1 
0 1 0 1 1 1 1 0 1 0 1 1 0 1 0 0 1 1 1 0 
Hamilton cycle:
4 3 1 2 10 7 5 6 8 11 9 12 16 13 14 17 19 18 15 0 
Time: 0
---------------------------
0 0 1 0 0 1 1 0 0 1 1 1 1 0 0 1 1 0 1 0 
0 0 0 0 1 1 1 0 0 1 1 0 1 1 1 0 1 0 1 0 
1 0 0 0 1 1 1 1 0 1 0 1 1 0 1 0 0 1 1 1 
0 0 0 0 1 0 0 0 0 0 1 1 1 1 1 1 1 0 0 1 
0 1 1 1 0 0 1 0 0 0 1 1 1 0 1 1 1 0 1 1 
1 1 1 0 0 0 1 1 0 1 0 0 0 1 0 0 1 0 0 0 
1 1 1 0 1 1 0 1 1 0 1 1 0 1 0 1 1 0 1 1 
0 0 1 0 0 1 1 0 0 0 1 0 0 0 0 0 0 1 1 1 
0 0 0 0 0 0 1 0 0 0 1 1 1 1 0 1 0 0 1 0 
1 1 1 0 0 1 0 0 0 0 0 0 1 1 1 1 0 1 1 0 
1 1 0 1 1 0 1 1 1 0 0 0 0 0 1 1 1 0 0 1 
1 0 1 1 1 0 1 0 1 0 0 0 1 1 1 0 1 1 1 1 
1 1 1 1 1 0 0 0 1 1 0 1 0 1 0 1 0 1 1 1 
0 1 0 1 0 1 1 0 1 1 0 1 1 0 1 1 1 1 1 0 
0 1 1 1 1 0 0 0 0 1 1 1 0 1 0 1 1 0 0 0 
1 0 0 1 1 0 1 0 1 1 1 0 1 1 1 0 0 0 1 0 
1 1 0 1 1 1 1 0 0 0 1 1 0 1 1 0 0 1 0 0 
0 0 1 0 0 0 0 1 0 1 0 1 1 1 0 0 1 0 1 1 
1 1 1 0 1 0 1 1 1 1 0 1 1 1 0 1 0 1 0 1 
0 0 1 1 1 0 1 1 0 0 1 1 1 0 0 0 0 1 1 0 
Hamilton cycle:
2 9 1 5 7 6 4 3 10 8 11 12 13 15 14 16 17 19 18 0 
Time: 0.562
---------------------------
0 1 1 0 0 1 0 0 1 0 0 1 1 1 1 0 1 1 0 1 
1 0 1 0 1 1 0 0 1 1 0 0 1 0 1 0 1 0 0 0 
1 1 0 0 0 1 1 1 1 0 0 0 1 1 0 1 1 1 0 1 
0 0 0 0 0 1 0 1 0 0 0 0 0 1 1 1 0 1 0 0 
0 1 0 0 0 0 1 1 1 0 1 1 1 1 1 1 1 1 1 0 
1 1 1 1 0 0 0 1 1 0 1 1 0 1 1 0 0 1 0 1 
0 0 1 0 1 0 0 1 0 0 1 1 0 1 0 1 1 1 1 0 
0 0 1 1 1 1 1 0 0 0 1 1 1 0 1 1 1 0 0 1 
1 1 1 0 1 1 0 0 0 1 0 0 1 1 1 1 0 0 1 1 
0 1 0 0 0 0 0 0 1 0 1 1 1 1 1 1 0 0 0 0 
0 0 0 0 1 1 1 1 0 1 0 0 1 1 0 0 1 0 1 0 
1 0 0 0 1 1 1 1 0 1 0 0 1 1 1 1 0 1 1 1 
1 1 1 0 1 0 0 1 1 1 1 1 0 0 1 1 1 1 1 0 
1 0 1 1 1 1 1 0 1 1 1 1 0 0 1 0 0 1 0 1 
1 1 0 1 1 1 0 1 1 1 0 1 1 1 0 1 0 1 0 0 
0 0 1 1 1 0 1 1 1 1 0 1 1 0 1 0 0 1 1 1 
1 1 1 0 1 0 1 1 0 0 1 0 1 0 0 0 0 0 0 1 
1 0 1 1 1 1 1 0 0 0 0 1 1 1 1 1 0 0 1 1 
0 0 0 0 1 0 1 0 1 0 1 1 1 0 0 1 0 1 0 0 
1 0 1 0 0 1 0 1 1 0 0 1 0 1 0 1 1 1 0 0 
Hamilton cycle:
2 1 4 6 7 3 5 8 9 10 16 12 11 13 14 15 18 17 19 0 
Time: 0.031
---------------------------
0 0 1 0 1 0 0 0 1 0 0 1 0 0 1 1 0 1 1 0 
0 0 1 1 0 1 0 0 0 0 1 1 0 0 1 0 0 1 1 1 
1 1 0 1 1 0 0 1 0 1 0 1 1 0 1 1 1 1 1 0 
0 1 1 0 1 0 0 1 1 1 0 0 1 1 1 1 1 0 1 0 
1 0 1 1 0 0 1 0 1 1 1 1 0 1 1 1 1 0 0 1 
0 1 0 0 0 0 1 0 0 1 0 1 1 0 1 1 1 0 1 1 
0 0 0 0 1 1 0 1 0 1 1 0 1 1 1 0 0 1 1 0 
0 0 1 1 0 0 1 0 0 1 1 0 1 0 1 0 1 1 1 0 
1 0 0 1 1 0 0 0 0 1 0 1 1 1 0 1 0 1 1 1 
0 0 1 1 1 1 1 1 1 0 0 0 1 1 0 0 1 1 0 0 
0 1 0 0 1 0 1 1 0 0 0 1 0 0 1 1 0 1 0 0 
1 1 1 0 1 1 0 0 1 0 1 0 1 1 0 1 1 1 1 0 
0 0 1 1 0 1 1 1 1 1 0 1 0 1 1 0 0 1 0 1 
0 0 0 1 1 0 1 0 1 1 0 1 1 0 1 1 1 0 0 0 
1 1 1 1 1 1 1 1 0 0 1 0 1 1 0 1 0 1 0 0 
1 0 1 1 1 1 0 0 1 0 1 1 0 1 1 0 1 0 1 0 
0 0 1 1 1 1 0 1 0 1 0 1 0 1 0 1 0 1 0 0 
1 1 1 0 0 0 1 1 1 1 1 1 1 0 1 0 1 0 1 0 
1 1 1 1 0 1 1 1 1 0 0 1 0 0 0 1 0 1 0 0 
0 1 0 0 1 1 0 0 1 0 0 0 1 0 0 0 0 0 0 0 
Hamilton cycle:
2 4 3 1 5 6 9 7 10 11 8 19 12 13 14 15 16 17 18 0 
Time: 0
---------------------------
0 1 1 1 0 1 1 1 1 0 0 1 0 0 1 1 1 1 1 0 
1 0 1 0 1 1 1 1 1 1 0 0 1 1 0 0 1 0 1 0 
1 1 0 0 1 1 1 1 0 1 0 1 1 0 0 1 0 1 1 1 
1 0 0 0 1 1 0 1 1 1 1 1 0 1 0 1 0 1 1 1 
0 1 1 1 0 1 1 1 1 1 1 1 1 0 0 1 0 1 0 0 
1 1 1 1 1 0 0 1 0 1 0 0 1 0 1 0 0 1 1 0 
1 1 1 0 1 0 0 1 1 1 0 1 1 0 0 1 1 1 1 1 
1 1 1 1 1 1 1 0 0 1 1 1 0 0 1 1 1 1 0 0 
1 1 0 1 1 0 1 0 0 1 1 1 1 1 0 0 1 0 0 1 
0 1 1 1 1 1 1 1 1 0 1 1 1 0 1 0 1 1 1 0 
0 0 0 1 1 0 0 1 1 1 0 1 1 1 1 1 1 0 1 1 
1 0 1 1 1 0 1 1 1 1 1 0 0 1 1 1 1 1 0 1 
0 1 1 0 1 1 1 0 1 1 1 0 0 1 1 1 1 1 1 1 
0 1 0 1 0 0 0 0 1 0 1 1 1 0 0 0 1 1 0 1 
1 0 0 0 0 1 0 1 0 1 1 1 1 0 0 0 1 0 1 1 
1 0 1 1 1 0 1 1 0 0 1 1 1 0 0 0 1 0 1 1 
1 1 0 0 0 0 1 1 1 1 1 1 1 1 1 1 0 1 1 0 
1 0 1 1 1 1 1 1 0 1 0 1 1 1 0 0 1 0 1 1 
1 1 1 1 0 1 1 0 0 1 1 0 1 0 1 1 1 1 0 0 
0 0 1 1 0 0 1 0 1 0 1 1 1 1 1 1 0 1 0 0 
Hamilton cycle:
1 2 4 3 5 7 6 8 9 10 11 13 12 14 16 15 19 17 18 0 
Time: 0.016
---------------------------
0 1 0 1 0 1 0 1 1 1 1 1 1 1 1 0 1 0 0 1 
1 0 0 1 1 1 1 1 0 0 0 0 1 1 1 0 0 0 0 0 
0 0 0 0 1 0 1 0 0 1 1 1 0 0 1 1 1 0 1 1 
1 1 0 0 1 0 1 0 1 1 0 1 0 0 1 1 1 0 1 1 
0 1 1 1 0 0 1 1 0 0 0 0 0 1 1 1 1 0 0 0 
1 1 0 0 0 0 1 0 1 1 1 0 1 1 1 1 1 0 0 1 
0 1 1 1 1 1 0 0 1 1 1 1 1 1 1 0 1 1 1 1 
1 1 0 0 1 0 0 0 1 0 0 1 0 0 0 0 1 0 1 0 
1 0 0 1 0 1 1 1 0 1 1 1 1 0 1 0 1 1 0 0 
1 0 1 1 0 1 1 0 1 0 1 0 1 1 0 1 0 1 0 1 
1 0 1 0 0 1 1 0 1 1 0 1 0 1 0 0 1 0 0 1 
1 0 1 1 0 0 1 1 1 0 1 0 0 1 0 1 1 1 1 1 
1 1 0 0 0 1 1 0 1 1 0 0 0 0 0 1 0 0 1 0 
1 1 0 0 1 1 1 0 0 1 1 1 0 0 0 1 0 0 1 1 
1 1 1 1 1 1 1 0 1 0 0 0 0 0 0 0 1 0 1 1 
0 0 1 1 1 1 0 0 0 1 0 1 1 1 0 0 1 0 0 1 
1 0 1 1 1 1 1 1 1 0 1 1 0 0 1 1 0 0 1 1 
0 0 0 0 0 0 1 0 1 1 0 1 0 0 0 0 0 0 0 1 
0 0 1 1 0 0 1 1 0 0 0 1 1 1 1 0 1 0 0 0 
1 0 1 1 0 1 1 0 0 1 1 1 0 1 1 1 1 1 0 0 
Hamilton cycle:
3 1 7 4 2 6 5 14 8 12 9 10 13 15 16 18 11 17 19 0 
Time: 0.078
---------------------------
0 0 0 1 0 1 1 1 1 1 1 0 0 1 1 0 1 1 0 0 
0 0 1 0 0 1 1 0 1 1 1 1 0 1 1 0 1 0 0 1 
0 1 0 1 0 1 1 1 0 0 0 1 1 0 1 1 0 0 1 1 
1 0 1 0 1 0 0 1 0 0 0 0 1 1 1 1 1 0 0 0 
0 0 0 1 0 0 1 0 0 1 1 1 1 1 1 0 0 1 1 0 
1 1 1 0 0 0 0 1 1 0 1 0 1 1 1 1 1 1 0 1 
1 1 1 0 1 0 0 1 0 1 1 0 1 1 1 1 1 0 0 0 
1 0 1 1 0 1 1 0 1 1 0 0 0 0 1 1 1 0 1 1 
1 1 0 0 0 1 0 1 0 0 1 0 0 1 0 0 1 1 1 1 
1 1 0 0 1 0 1 1 0 0 0 1 0 1 0 1 0 1 1 0 
1 1 0 0 1 1 1 0 1 0 0 1 1 1 1 1 0 1 0 1 
0 1 1 0 1 0 0 0 0 1 1 0 1 1 1 0 0 0 0 1 
0 0 1 1 1 1 1 0 0 0 1 1 0 0 1 0 0 0 1 1 
1 1 0 1 1 1 1 0 1 1 1 1 0 0 1 0 1 1 1 1 
1 1 1 1 1 1 1 1 0 0 1 1 1 1 0 1 1 0 1 0 
0 0 1 1 0 1 1 1 0 1 1 0 0 0 1 0 0 1 0 1 
1 1 0 1 0 1 1 1 1 0 0 0 0 1 1 0 0 0 0 0 
1 0 0 0 1 1 0 0 1 1 1 0 0 1 0 1 0 0 0 0 
0 0 1 0 1 0 0 1 1 1 0 0 1 1 1 0 0 0 0 1 
0 1 1 0 0 1 0 1 1 0 1 1 1 1 0 1 0 0 1 0 
Hamilton cycle:
5 1 2 3 4 6 9 7 8 10 12 11 13 16 14 18 19 15 17 0 
Time: 0
---------------------------
0 0 1 1 1 1 0 1 1 1 1 1 0 0 1 0 1 1 1 0 
0 0 1 0 1 1 0 1 0 1 0 1 1 1 1 0 0 1 1 1 
1 1 0 1 0 0 1 1 1 1 1 1 0 1 1 1 1 0 0 0 
1 0 1 0 1 0 0 1 1 1 0 0 1 0 1 1 1 0 1 1 
1 1 0 1 0 1 1 1 0 1 1 1 1 1 1 0 1 1 0 0 
1 1 0 0 1 0 0 1 0 1 1 1 0 0 0 1 0 0 0 1 
0 0 1 0 1 0 0 0 0 0 0 1 1 1 0 1 1 1 1 1 
1 1 1 1 1 1 0 0 0 1 0 1 0 1 0 1 1 1 0 1 
1 0 1 1 0 0 0 0 0 0 1 0 1 0 1 1 0 0 1 1 
1 1 1 1 1 1 0 1 0 0 1 1 1 0 1 0 0 1 1 1 
1 0 1 0 1 1 0 0 1 1 0 1 1 0 0 0 0 0 1 0 
1 1 1 0 1 1 1 1 0 1 1 0 0 1 0 1 1 0 1 0 
0 1 0 1 1 0 1 0 1 1 1 0 0 0 1 1 1 0 0 1 
0 1 1 0 1 0 1 1 0 0 0 1 0 0 1 1 1 0 1 1 
1 1 1 1 1 0 0 0 1 1 0 0 1 1 0 0 0 1 0 1 
0 0 1 1 0 1 1 1 1 0 0 1 1 1 0 0 1 0 1 1 
1 0 1 1 1 0 1 1 0 0 0 1 1 1 0 1 0 0 1 1 
1 1 0 0 1 0 1 1 0 1 0 0 0 0 1 0 0 0 1 0 
1 1 0 1 0 0 1 0 1 1 1 1 0 1 0 1 1 1 0 0 
0 1 0 1 0 1 1 1 1 1 0 0 1 1 1 1 1 0 0 0 
Hamilton cycle:
3 8 2 6 4 1 5 7 9 12 10 11 13 15 16 19 14 17 18 0 
Time: 0.031
---------------------------
0 0 1 0 1 0 1 1 1 1 0 0 1 0 0 1 1 1 1 0 
0 0 1 1 1 0 0 1 0 0 1 0 0 1 0 1 1 0 0 1 
1 1 0 0 0 0 1 1 0 0 0 1 0 0 1 0 1 1 1 0 
0 1 0 0 0 0 0 1 0 0 0 0 0 0 0 1 0 1 1 0 
1 1 0 0 0 0 1 1 0 1 1 0 1 1 1 1 0 1 1 1 
0 0 0 0 0 0 0 0 0 0 1 1 1 1 0 1 1 1 1 1 
1 0 1 0 1 0 0 1 0 1 1 1 0 0 1 1 0 1 1 0 
1 1 1 1 1 0 1 0 1 1 1 1 1 1 1 0 0 1 0 0 
1 0 0 0 0 0 0 1 0 0 1 1 1 1 0 0 1 0 0 1 
1 0 0 0 1 0 1 1 0 0 1 1 0 1 0 0 1 0 1 0 
0 1 0 0 1 1 1 1 1 1 0 0 1 0 1 0 1 1 1 1 
0 0 1 0 0 1 1 1 1 1 0 0 1 1 1 0 1 0 0 1 
1 0 0 0 1 1 0 1 1 0 1 1 0 1 1 1 1 0 1 1 
0 1 0 0 1 1 0 1 1 1 0 1 1 0 1 1 1 1 1 1 
0 0 1 0 1 0 1 1 0 0 1 1 1 1 0 1 1 1 1 1 
1 1 0 1 1 1 1 0 0 0 0 0 1 1 1 0 0 0 1 1 
1 1 1 0 0 1 0 0 1 1 1 1 1 1 1 0 0 1 1 1 
1 0 1 1 1 1 1 1 0 0 1 0 0 1 1 0 1 0 0 1 
1 0 1 1 1 1 1 0 0 1 1 0 1 1 1 1 1 0 0 1 
0 1 0 0 1 1 0 0 1 0 1 1 1 1 1 1 1 1 1 0 
Hamilton cycle:
8 7 3 1 2 6 4 9 10 5 11 12 13 15 14 16 17 19 18 0 
Time: 2.699
---------------------------
0 1 1 0 1 0 1 1 1 0 1 0 0 1 0 0 1 0 1 0 
1 0 1 0 1 0 1 0 1 1 1 0 1 1 1 1 1 0 1 0 
1 1 0 1 1 1 1 1 1 1 0 1 1 1 1 1 1 1 1 0 
0 0 1 0 1 1 0 0 0 1 0 1 1 1 1 0 1 1 1 1 
1 1 1 1 0 0 0 0 1 0 0 1 1 1 1 0 1 1 0 1 
0 0 1 1 0 0 1 0 1 0 1 1 1 1 1 0 1 0 0 1 
1 1 1 0 0 1 0 0 1 0 1 0 1 1 1 1 0 0 1 0 
1 0 1 0 0 0 0 0 0 1 0 0 0 1 1 0 0 1 0 1 
1 1 1 0 1 1 1 0 0 1 1 1 1 1 0 0 0 1 0 1 
0 1 1 1 0 0 0 1 1 0 0 1 1 0 1 1 0 0 1 0 
1 1 0 0 0 1 1 0 1 0 0 1 1 1 1 0 0 0 0 1 
0 0 1 1 1 1 0 0 1 1 1 0 1 1 0 0 0 0 0 0 
0 1 1 1 1 1 1 0 1 1 1 1 0 0 1 1 1 1 1 1 
1 1 1 1 1 1 1 1 1 0 1 1 0 0 1 1 1 0 1 1 
0 1 1 1 1 1 1 1 0 1 1 0 1 1 0 1 1 1 1 1 
0 1 1 0 0 0 1 0 0 1 0 0 1 1 1 0 1 1 0 0 
1 1 1 1 1 1 0 0 0 0 0 0 1 1 1 1 0 1 1 1 
0 0 1 1 1 0 0 1 1 0 0 0 1 0 1 1 1 0 0 0 
1 1 1 1 0 0 1 0 0 1 0 0 1 1 1 0 1 0 0 1 
0 0 0 1 1 1 0 1 1 0 1 0 1 1 1 0 1 0 1 0 
Hamilton cycle:
1 4 3 5 6 2 7 9 8 10 12 11 13 14 15 17 16 19 18 0 
Time: 0.015
---------------------------
0 1 0 1 0 1 1 1 0 1 0 1 1 0 0 1 0 1 0 1 
1 0 1 0 0 1 0 0 1 0 0 1 1 0 1 1 0 1 0 1 
0 1 0 1 0 1 0 1 1 1 0 1 0 1 1 1 0 0 1 0 
1 0 1 0 1 1 1 0 0 1 0 0 0 1 0 1 1 1 1 0 
0 0 0 1 0 1 1 0 1 1 0 0 1 1 1 1 1 1 1 0 
1 1 1 1 1 0 0 1 0 0 1 0 1 0 0 1 1 0 0 1 
1 0 0 1 1 0 0 1 0 1 0 0 1 1 1 0 0 1 1 1 
1 0 1 0 0 1 1 0 1 0 1 1 1 1 1 0 1 0 1 0 
0 1 1 0 1 0 0 1 0 0 1 0 1 1 1 1 1 1 1 1 
1 0 1 1 1 0 1 0 0 0 1 1 0 0 1 0 1 1 1 0 
0 0 0 0 0 1 0 1 1 1 0 1 1 1 0 1 1 0 1 1 
1 1 1 0 0 0 0 1 0 1 1 0 1 0 1 1 0 1 1 0 
1 1 0 0 1 1 1 1 1 0 1 1 0 1 1 1 1 0 1 1 
0 0 1 1 1 0 1 1 1 0 1 0 1 0 1 1 0 0 1 1 
0 1 1 0 1 0 1 1 1 1 0 1 1 1 0 0 0 1 1 1 
1 1 1 1 1 1 0 0 1 0 1 1 1 1 0 0 1 1 1 0 
0 0 0 1 1 1 0 1 1 1 1 0 1 0 0 1 0 1 1 0 
1 1 0 1 1 0 1 0 1 1 0 1 0 0 1 1 1 0 1 1 
0 0 1 1 1 0 1 1 1 1 1 1 1 1 1 1 1 1 0 1 
1 1 0 0 0 1 1 0 1 0 1 0 1 1 1 0 0 1 1 0 
Hamilton cycle:
1 2 3 5 4 8 7 6 9 10 11 12 14 13 15 16 17 18 19 0 
Time: 0
---------------------------
0 0 0 1 0 1 0 0 1 0 0 1 1 0 0 1 0 0 1 1 
0 0 1 0 1 0 1 1 0 0 1 1 1 0 1 1 0 1 1 1 
0 1 0 1 0 1 1 0 0 1 1 0 0 1 1 0 0 1 1 0 
1 0 1 0 1 1 0 0 1 1 1 1 1 1 1 1 1 1 1 1 
0 1 0 1 0 1 1 1 1 1 1 0 1 1 1 0 0 1 0 1 
1 0 1 1 1 0 1 1 1 1 1 1 1 1 1 1 0 1 0 0 
0 1 1 0 1 1 0 1 1 1 0 1 0 1 1 1 1 0 0 1 
0 1 0 0 1 1 1 0 1 1 1 1 0 0 0 1 1 0 0 0 
1 0 0 1 1 1 1 1 0 1 1 1 0 1 1 0 1 1 1 0 
0 0 1 1 1 1 1 1 1 0 1 0 0 1 0 0 0 0 1 1 
0 1 1 1 1 1 0 1 1 1 0 0 1 0 1 0 0 0 1 0 
1 1 0 1 0 1 1 1 1 0 0 0 0 1 1 1 0 0 0 0 
1 1 0 1 1 1 0 0 0 0 1 0 0 0 0 0 1 1 0 1 
0 0 1 1 1 1 1 0 1 1 0 1 0 0 0 1 1 0 1 1 
0 1 1 1 1 1 1 0 1 0 1 1 0 0 0 1 0 1 1 1 
1 1 0 1 0 1 1 1 0 0 0 1 0 1 1 0 1 1 1 0 
0 0 0 1 0 0 1 1 1 0 0 0 1 1 0 1 0 1 1 1 
0 1 1 1 1 1 0 0 1 0 0 0 1 0 1 1 1 0 1 1 
1 1 1 1 0 0 0 0 1 1 1 0 0 1 1 1 1 1 0 1 
1 1 0 1 1 0 1 0 0 1 0 0 1 1 1 0 1 1 1 0 
Hamilton cycle:
3 2 1 4 6 7 8 5 12 10 9 13 11 14 15 16 17 18 19 0 
Time: 0.016
---------------------------

Число графов с гамильтоновым циклом: 50
Среднее время вычислений: 3.6027
